-0.075569
-0.036679
-0.115906
-0.117050
-0.267795
-0.000612
-0.021504
-0.361455
-0.772284
0.012592
-0.393131
-0.424734
-0.228953
-0.230066
-0.250552
0.023706
-0.178493
-0.295507
0.004884
-0.152803
-0.336447
-0.026580
-0.107331
-0.425251
-0.188032
-0.083402
-0.351727
-0.434078
-0.144810
-0.672621
-0.450163
-0.100265
-0.588867
-0.043138
0.057108
-0.286629
-0.095624
-0.250042
-0.423779
-0.268619
-0.238787
0.053962
-0.070494
-0.232468
-0.205753
-0.434133
-0.597124
-0.129500
-0.159226
-0.457365
-0.464454
-0.471007
-0.343692
-0.303758
-0.064992
-0.141833
-0.676807
-0.261701
-0.638813
-0.156175
-0.302034
-0.325705
-0.688483
-0.262624
-0.181591
-0.367092
-0.080016
-0.371728
-0.061773
-0.045335
-0.136804
-0.408162
-0.086547
-0.436363
-0.406944
-0.343283
-0.387918
-0.445318
-0.236104
-0.131836
0.152754
-0.115793
-0.246716
-0.161575
-0.084019
-0.190709
0.023249
-0.250607
-0.289818
-0.437111
-0.463818
-0.264527
-0.109847
-0.194790
-0.028991
-0.225929
-0.644528
-0.134024
-0.188547
-0.072335
-0.515241
-0.375397
-0.088079
-0.283367
-0.060413
-0.304592
0.053172
-0.309135
-0.216751
-0.572936
-0.220087
-0.139812
-0.511282
0.059154
-0.233819
-0.296504
-0.381582
-0.428338
-0.565540
-0.470544
-0.173921
0.141406
0.018955
-0.080120
-0.456765
-0.143458
-0.283199
-0.088399
-0.115667
-0.185744
-0.125098
0.041943
-0.516761
-0.099507
-0.198691
-0.357156
-0.307892
-0.508872
-0.247733
-0.139811
-0.056059
-0.928288
-0.281026
-0.464877
-0.033779
-0.494440
-0.423558
-0.348701
-0.162196
-0.241644
-0.172234
-0.195171
-0.198363
-0.303141
-0.399717
-0.129016
-0.127116
-0.258842
-0.627777
-0.173353
-0.130587
-0.610630
-0.251869
-0.258247
-0.105902
-0.048164
-0.382715
-0.355908
-0.296609
-0.183827
0.154668
-0.452460
-0.256993
-0.453240
-0.418508
-0.144637
-0.621319
-0.284045
-0.393645
-0.071598
-0.072705
-0.117975
-0.373790
-0.228638
-0.208157
-0.517210
-0.074750
-0.145145
-0.092931
-0.217851
-0.685177
-0.317004
-0.258381
0.047804
-0.138892
-0.095761
-0.018975
-0.343846
-0.260040
-0.321882
-0.265592
-0.169420
-0.185225
-0.147997
-0.314007
-0.657063
-0.400981
0.096390
0.108243
-0.197394
-0.079584
-0.029555
-0.208179
-0.357904
0.071493
-0.247848
-0.336484
0.151304
-0.269193
-0.157963
-0.770496
-0.518940
-0.286796
-0.214925
-0.194617
-0.114241
-0.104974
-0.187469
-0.257402
-0.017613
-0.162128
-0.652232
-0.234342
-0.335574
-0.142420
-0.066210
-0.136369
-0.336402
-0.009204
-0.516632
-0.107506
-0.385477
-0.325716
-0.060092
-0.624822
-0.153008
-0.012250
-0.663613
-0.469774
-0.234107
-0.279049
0.019675
-0.422946
-0.031328
-0.152994
-0.359065
-0.308059
-0.192921
-0.061150
-0.134657
-0.336601
-0.281110
-0.357234
-0.345805
-0.305222
0.097992
-0.243654
-0.332234
-0.208058
-0.888474
-0.182738
-0.092775
-0.308748
-0.068755
-0.105361
-0.011513
-0.273243
-0.063954
-0.478541
-0.460742
-0.329407
-0.021584
-0.268617
0.060205
-0.157615
-0.033368
-0.301330
-0.279083
-0.715558
-0.827613
-0.246355
-0.496333
-0.191216
-0.795173
-0.493617
-0.229699
-0.210321
-0.289882
-0.214273
-0.217861
-0.935753
-0.353788
-0.186176
-0.051979
-0.397541
-0.222548
-0.493794
-0.420546
-0.156854
-0.020633
-0.228486
-0.308266
-0.652987
-0.485946
0.023018
-0.282056
-0.769795
-0.145784
-0.336759
-0.382073
-0.259910
-0.121650
-0.139432
-0.086082
-0.090944
-0.017557
-0.385296
0.071072
-0.472517
-0.363543
-0.092307
-0.337954
0.176593
0.055906
-0.170758
-0.091479
-0.353331
-0.396195
-0.339643
-0.278521
-0.638332
-0.199019
-0.335668
-0.060760
0.001687
-0.047088
-0.286474
-0.578275
-0.332956
-0.689645
-0.140818
-0.196779
-0.429783
-0.653779
-0.431164
0.195715
-0.229958
-0.166422
-0.019124
-0.308915
-0.508512
-0.102268
-0.198339
-0.251661
-0.152679
-0.219043
-0.040280
-0.434206
-0.185707
0.000896
-0.363758
-0.267893
0.075057
-0.146944
-0.504129
0.060064
-0.087836
-0.327591
-0.614912
0.058462
0.057713
-0.158913
0.319697
-0.075651
-0.257726
0.260640
-0.659209
-0.485327
-0.052626
-0.160620
-0.192297
-0.382258
-0.567944
-0.186758
-0.304253
-0.542483
-0.154906
-0.360974
-0.385684
-0.342912
-0.488388
-0.224674
-0.076782
-0.212651
-0.062550
-0.042738
-0.231152
-0.248135
-0.442168
-0.264110
-0.496148
-0.333826
-0.238999
-0.303248
-0.267427
-0.059794
0.015782
-0.337438
-0.116665
-0.513021
-0.112301
-0.358248
-0.280975
-0.223158
-0.110721
-0.300159
-0.212348
-0.513380
-0.582447
-0.574682
-0.260101
-0.346560
-0.143817
0.116176
-0.697931
-0.372381
0.099125
-0.475854
-0.320848
-0.224778
0.020464
-0.162295
-0.419347
-0.764279
-0.342531
0.025750
-0.180574
-0.267163
-0.050388
-0.069055
-0.307394
-0.195827
-0.152038
-0.241967
-0.262969
-0.102552
-0.075659
-0.233338
-0.293158
-0.078925
-0.317393
-0.096967
-0.325438
-0.523734
-0.343633
-0.223426
-0.383669
-0.155570
-0.228681
-0.190903
-0.701612
-0.172900
0.163795
-0.321901
-0.466500
-0.434273
-0.154813
-0.461012
-0.289179
0.097266
-0.058808
-0.257164
-0.036994
-0.285708
-0.843905
-0.183399
-0.109295
-0.170103
-0.827380
-0.178308
-0.245078
-0.283991
-0.398294
-0.176988
0.043414
-0.292665
-0.094985
-0.484101
-0.322664
-0.131733
-0.174814
-0.156039
-0.687359
-0.305461
-0.395131
-0.351523
0.019276
-0.378335
-0.397671
0.014044
-0.304404
-0.243368
-0.095770
-0.671853
-0.417223
-0.413988
0.150532
-0.032411
-0.438533
-0.434770
0.005897
-0.009778
-0.232474
-0.020842
0.050194
-0.259805
-0.100743
-0.127072
-0.133530
-0.280422
-0.242275
-0.652940
-0.465451
-0.471794
-0.415648
-0.680436
-0.342001
-0.261972
-0.484095
-0.219613
-0.335261
-0.247421
-0.198518
-0.081879
-0.335442
-0.346148
-0.010288
-0.125607
-0.190159
-0.337656
-0.307750
-0.267058
-0.148234
-0.088323
-0.331472
-0.136055
-0.293805
-0.108137
-0.180720
-0.353763
-0.277076
-0.843202
-0.043494
-0.282746
-0.209251
-0.053601
-0.592277
-0.179279
-0.284979
-0.170995
-0.335802
-0.739078
-0.497425
-0.330548
-0.233330
-0.321914
-0.606485
-0.176759
-0.353092
-0.188574
-0.485828
-0.728262
-0.261817
-0.436275
-0.063993
-0.182926
-0.323969
-0.534837
-0.400985
-0.256373
-0.019198
-0.203443
-0.480622
0.004308
-0.401911
-0.455645
-0.351359
-0.012148
0.006178
-0.447257
-0.356408
-0.203874
-0.205435
0.207767
-0.315749
-0.429763
-0.774731
-0.112637
-0.307391
-0.237232
-0.150849
-0.238131
-0.253218
-0.157181
-0.191950
-0.120705
-0.170430
-0.341755
-0.404137
-0.193441
-0.201890
-0.359985
-0.250332
-0.105615
-0.166896
-0.254724
0.008447
-0.163632
-0.134750
-0.263249
-0.654795
-0.574341
-0.396718
-0.134778
-0.125519
-0.056741
-0.154522
-0.385115
0.041684
-0.283594
-0.365476
-0.104805
-0.376481
-0.764653
-0.282461
-0.503006
-0.272218
-0.364084
-0.343794
-0.391596
-0.063112
-0.166380
-0.189933
-0.128805
-0.087401
-0.103901
-0.282235
-0.177162
-0.006248
-0.447555
-0.272951
-0.129354
-0.120849
-0.199986
-0.288394
-0.205787
-0.122196
-0.391738
-0.341893
-0.202891
-0.612247
0.110914
-0.091413
-0.200634
-0.286381
0.067647
-0.426364
-0.215850
-0.035367
-0.202540
0.021361
-0.166724
-0.277303
-0.458975
-0.067946
-0.597248
-0.052318
-0.005560
-0.204122
-0.271308
-0.108815
-0.106260
-0.286682
-0.434572
-0.203884
-0.312913
-0.265056
-0.260530
-0.106948
-0.153116
-0.286384
-0.222943
-0.623778
-0.111312
-0.370888
-0.447109
-0.263424
-0.299072
-0.086401
0.029744
-0.228683
-0.080965
-0.470222
-0.507631
-0.984978
-0.224737
-0.274741
-0.226472
-0.310594
-0.464615
-0.234920
-0.325014
-0.142383
0.038194
-0.436611
-0.190311
-0.427401
-0.298494
-0.130324
-0.383852
-0.125124
-0.289531
-0.267443
-0.247537
-0.254324
-0.012919
-0.224592
-0.232035
-0.293666
-0.244922
-0.317147
-0.083521
0.058043
-0.235668
-0.194899
-0.608482
-0.280413
-0.053499
-0.367407
0.068827
-0.171736
-0.229174
-0.509505
-0.063680
-0.231619
-0.307508
-0.735257
0.004748
-0.500680
-0.136301
0.014163
-0.372984
-0.349012
-0.137408
-0.572865
-0.212136
-0.150953
-0.484136
-0.195567
-0.959472
-0.295524
-0.206845
-0.307583
-0.322074
-0.213794
-0.145611
-0.448487
0.009558
-0.149950
-0.196948
-0.330643
-0.392684
-0.329036
-0.195208
-0.527589
-0.275860
-0.829166
0.035143
0.069285
0.032771
-0.365743
-0.156502
-0.147738
-0.288371
0.099518
0.121687
-0.297785
-0.616310
-0.188700
-0.233691
-0.702132
-0.263712
-0.628622
-0.179724
-0.172523
-0.094356
-0.236422
-0.030741
-0.385320
-0.139726
-0.277064
-0.162026
-0.187997
-0.355062
-0.412312
-0.235551
-0.469410
-0.735092
-0.124700
-0.070836
-0.254155
-0.181978
-0.671410
-0.365036
0.029400
0.104840
-0.211868
-0.185766
-0.088770
-0.384461
-0.123180
-0.275530
-0.319744
-0.149884
-0.243540
-0.077679
-0.136310
-0.076016
-0.300355
0.146921
-0.134448
-0.079311
-0.130847
-0.831721
-0.368046
-0.278304
0.007379
-0.380773
-0.266041
-0.068436
-0.387394
-0.208002
-0.297214
-0.017023
-0.600568
-0.109393
-0.078907
0.078584
-0.335406
-0.635000
0.203311
-0.032784
-0.191389
-0.337747
-0.169824
-0.342069
-0.385368
-0.253237
-0.669909
-0.068885
-0.195468
-0.270664
-0.234559
-0.388618
-0.090645
-0.127766
-0.405593
-0.090663
-0.439061
-0.304636
-0.200110
-0.235833
-0.203597
0.047079
-0.357506
0.026722
-0.235200
-0.178814
-0.784359
-0.784235
0.033513
-0.256033
0.039377
-0.334256
-0.492363
-0.453129
-0.185562
0.122023
-0.292710
-0.024519
-0.642569
-0.012596
-0.594149
-0.283386
-0.469994
-0.184259
-0.299236
-0.658913
-0.123885
-0.216591
-0.398667
-0.346065
0.010434
-0.195295
-0.169535
-0.512804
0.085936
-0.370776
-0.221459
-0.326695
-0.757890
-0.105889
-0.126523
-0.279158
-0.304895
-0.548451
-0.266082
-0.041217
-0.129282
-0.342050
-0.386435
-0.270722
-0.212346
-0.453909
0.079735
-0.312522
-0.036533
-0.225685
0.140326
-0.273501
-0.001146
-0.504273
-0.565620
-0.156654
-0.424320
-0.194412
-0.031993
-0.296360
0.010879
-0.325625
-0.322427
-0.168878
-0.542830
-0.173367
-0.481804
-0.165145
-0.198725
-0.332015
-0.051905
-0.401060
-0.273894
-0.241700
-0.023383
-0.463952
-0.061365
-0.169806
-0.165652
-0.211897
-0.166495
-0.277049
-0.501469
-0.390003
-0.158364
-0.151740
-0.360343
-0.677596
-0.233901
-0.313064
-0.215067
-0.397855
-0.183505
-0.253236
-0.533147
0.024007
-0.100725
-0.080474
-0.122772
-0.070039
-0.324391
-0.169191
-0.108375
-0.316661
0.036373
-0.162912
-0.545250
-0.173819
-0.158633
-0.096894
-0.141821
-0.013468
-0.215839
-0.760185
-0.679774
-0.175755
-0.351032
-0.564521
-0.457585
-0.237119
-0.306223
-0.228510
-0.647456
-0.196049
-0.288515
-0.354406
-0.841185
-0.265431
-0.478518
-0.196562
0.211255
-0.176841
-0.776984
-0.356077
-0.371542
-0.028647
-0.574917
-0.511758
-0.368251
-0.423964
-0.551715
-0.271371
-0.172474
-0.288688
-0.537603
-0.271067
0.077911
-0.259525
-0.256812
-0.483160
-0.229756
-0.178357
-0.220861
-0.163859
-0.487071
-0.339438
0.306875
-0.037352
0.004009
-0.489321
-0.358300
-0.140133
-0.247915
-0.215730
-0.965851
-0.603234
-0.323191
-0.475643
0.051330
-0.217209
-0.737619
-0.191801
-0.455143
-0.579797
-0.238178
-0.708473
-0.198488
-0.266147
-0.234361
-0.171068
-0.360223
-0.351420
-0.446057
-0.365622
-0.456350
-0.238287
-0.379152
-0.572252
0.099425
-0.665454
-0.309462
-0.161202
-0.253741
-0.271207
-0.263976
-0.709045
-0.197419
-0.213272
-0.143814
-0.511766
-0.264621
-0.188378
-0.134652
-0.287437
-0.262765
-0.258044
-0.661028
-0.401913
-0.092724
-0.259192
0.024504
-0.391465
0.002800
-0.789299
-0.583855
-0.694308
0.016338
0.015080
-0.631960
-0.353182
-0.640673
-0.488774
-0.783807
-0.491935
-0.384275
-0.325874
-0.653100
-0.499300
-0.196176
-0.796150
-0.034101
-0.149144
-0.185825
-0.212394
0.125901
-0.623891
-0.124723
-0.548939
-0.139557
-0.380194
-0.222161
-0.355108
-0.336735
-0.067473
-0.352320
-0.102555
-0.640125
0.039539
-0.195736
-0.258720
-0.038591
0.067946
-0.174718
-0.484794
-0.043868
-0.452758
-0.340683
-0.051543
0.006716
-0.494327
-0.240329
-0.531122
-0.114632
-0.207951
-0.073596
-0.610053
-0.092443
-0.508718
-0.523074
-0.033000
-0.597872
-0.577048
-0.185356
-0.384646
-0.152464
-0.304426
-0.140881
-0.185273
-0.179874
-0.018516
-0.372998
-0.130161
-0.169804
0.146720
0.113970
-0.247853
-0.619079
-0.295058
-0.011804
-0.211690
-0.366311
-0.342754
-0.323734
-0.165900
-0.391042
-0.250024
-0.298312
-0.074144
-0.353961
-0.154372
0.096264
-0.202099
-0.143981
-0.217533
-0.482706
-0.167155
-0.178699
-0.234932
-0.375886
-0.453971
-0.232564
0.020132
-0.003600
-0.334505
-0.404164
-0.126528
-0.304783
-0.438455
-0.245020
0.091596
-0.415203
-0.215765
-0.266059
-0.131833
-0.463850
-0.131153
-0.179624
-0.514384
-0.244019
-0.147205
-0.176071
-0.426638
-0.212484
-0.693716
-0.408265
-0.158064
-0.152593
-0.229131
-0.181441
-0.237593
-0.228699
-0.336674
-0.232947
-0.498797
-0.527541
-0.156357
-0.076751
-0.134344
-0.351596
-0.148272
-0.401067
-0.046101
-0.242215
-0.348541
-0.544333
-0.312225
-0.135364
0.434988
-0.189037
-0.205549
0.134345
-0.726263
-0.599882
-0.237681
-0.031497
-0.493417
-0.315645
-0.200130
-0.154127
-0.568659
-0.036592
-0.152598
-0.438107
-0.394417
-0.372341
0.019312
-0.304896
-0.107296
-0.118252
-0.172836
-0.431798
-0.388073
-0.175006
-0.069546
-0.554737
-0.493318
-0.191854
-0.123931
-0.391072
-0.117685
-0.665301
-0.101196
-0.157471
-0.210950
-0.303648
-0.049466
-0.592885
-0.110712
-0.190276
-0.206141
-0.006627
-0.055683
-0.077646
-0.010496
-0.312998
-0.320006
-0.521912
-0.089170
-0.410315
-0.233285
-0.331960
-0.320011
-0.057402
-0.168858
-0.064336
-0.015256
-0.344444
-0.519459
-0.381419
-0.329424
-0.311805
0.040751
-0.097719
-0.067029
0.107572
-0.152078
-0.251423
-0.058199
-0.243408
-0.005880
-0.238042
-0.281144
-0.133318
-0.250521
-0.431122
-0.319805
-0.506626
-0.352889
-0.207517
-0.176226
-0.316631
-0.280537
-0.248886
-0.391712
-0.308121
-0.889415
-0.204151
-0.059661
-0.088966
-0.227277
-0.062704
-0.285666
-0.850876
0.142342
-0.360786
0.134578
-0.249958
-0.642047
-0.684187
-0.095393
-0.287014
-0.626410
-0.399746
-0.170243
-0.111786
-0.071043
-0.449914
0.046667
-0.112119
-0.167308
-0.580198
0.074402
-0.355443
-0.546957
-0.302021
-0.143980
-0.368699
-0.157210
-0.320536
-0.224562
-0.443535
-0.453354
-0.333084
-0.155377
-0.448585
-0.046506
-0.145956
-0.920354
-0.115007
-0.309723
-0.048476
-0.126812
-0.172701
-0.465835
-0.446649
-0.311441
0.024457
0.068867
-0.196463
0.025023
-0.236576
0.038656
0.022554
-0.494493
-0.220850
-0.202614
-0.074361
-0.553736
-0.338384
-0.595325
-0.185239
-0.464013
-0.434673
-0.032150
0.252477
-0.185011
-0.531908
-0.280662
-0.219866
-0.764773
-0.082002
-0.231069
0.094567
-0.135293
-0.179451
-0.180996
-0.316589
-0.098466
-0.331498
-0.073442
-0.548250
-0.395465
-0.297068
-0.213601
0.010090
-0.299806
0.081517
-0.144405
-0.151863
-0.235418
-0.100444
-0.276204
-0.161089
-0.748261
-0.342504
-0.062045
0.366495
-0.384020
-0.008632
-0.437151
-0.294009
-0.314504
-0.117951
-0.179002
0.025652
-0.412484
-0.753149
-0.573844
-0.363778
-0.534280
-0.219213
-0.277144
-0.117005
-0.153362
-0.072124
-0.501743
-0.238325
-0.416548
-0.523820
-0.140723
-0.146972
-0.167222
-0.308882
-0.137293
-0.708662
-0.008034
0.001400
-0.074026
-0.227126
-0.594204
-0.147315
-0.044480
-0.515826
-0.139847
-0.385705
-0.019677
-0.182395
-0.411579
-0.043348
-0.018510
-0.363384
-0.136269
-0.163698
-0.083080
-0.227417
-0.204372
-0.188584
-0.162702
-0.710008
-0.083335
-0.534628
-0.224815
-0.538950
-0.468709
-0.212005
-0.264623
-0.325330
-0.036035
-0.269210
-0.157263
0.062613
-0.183618
-0.099407
-0.425835
0.275146
-0.824613
-0.299866
-0.194497
0.001677
-0.276520
-0.262200
-0.074265
-0.426085
-0.261480
-0.460181
-0.492549
-0.169274
-0.273654
-0.024608
-0.184475
-0.175165
0.034336
-0.275181
-0.441633
-0.007188
-0.532875
-0.417083
-0.337095
-0.082056
-0.152211
-0.087816
-0.192203
-0.401949
-0.120443
0.004008
-0.299594
-0.358753
-0.265854
-0.105201
-0.619485
-0.545200
-0.134544
-0.577412
-0.619805
0.009360
-0.314349
-0.445636
-0.458200
-0.126106
-0.315782
-0.211285
-0.491563
-0.629155
-0.211678
-0.234745
-0.354251
-0.077689
-0.296797
-0.417011
-0.201883
-0.217612
-0.314991
-0.155899
-0.253774
-0.425211
-0.441027
-0.594796
0.124838
-0.155598
-0.146211
-0.534695
-0.229498
-0.443218
-0.243206
-0.711908
-0.026610
-0.727573
-0.657297
0.067174
-0.195546
-0.063009
0.052887
-0.312368
-0.210672
-0.411276
-0.236519
-0.000131
-0.373767
0.023483
-0.030253
-0.398364
-0.105063
-0.510990
-0.289315
-0.159936
-0.341583
-0.442495
-0.064007
0.053273
-0.199510
-0.007727
-0.755684
-0.579192
-0.611751
-0.428694
-0.006357
-0.425949
-0.049089
-0.429544
0.001113
-0.438991
-0.181071
-0.216202
-0.371293
-0.361345
0.074232
-0.475947
-0.007985
-0.312349
-0.475214
-0.355460
-0.309796
-0.289453
-0.032801
-0.267023
-0.215977
-0.123053
-0.889425
-0.466532
-0.222973
0.154570
-0.513840
-0.283179
-0.186011
-0.041689
-0.652128
-0.420061
-0.074091
-0.284751
-0.890703
-0.042061
-0.044961
-0.222949
-0.960782
-0.350745
-0.303602
-0.271166
-0.195158
0.013809
-0.326953
-0.131611
-0.178523
-0.187031
-0.035095
-0.345167
-0.151151
-0.246458
-0.345009
-0.707165
-0.427014
-0.606082
-0.287002
-0.295814
0.013799
-0.098114
-0.400450
0.023643
-0.534139
-0.080466
0.015382
0.018906
0.068818
-0.492900
-0.294862
0.027083
-0.550313
0.034949
-0.066743
-0.366708
-0.262504
-0.602350
-0.122356
-0.047283
-0.583099
-0.147481
-0.592713
-0.305875
-0.334957
-0.369556
-0.287047
-0.445015
-0.412678
-0.358970
-0.354325
-0.297398
-0.143244
-0.119151
-0.115057
-0.457504
-0.541958
-0.151484
-0.342535
-0.576630
-0.111910
-0.193598
0.001394
-0.089930
-0.028371
-0.578679
-0.515448
-0.154290
-0.437299
-0.280072
-0.262348
-0.175443
-0.381836
-0.370449
-0.143372
-0.257463
-0.046180
-0.296422
-0.046176
-0.338854
-0.060194
-0.190417
-0.272075
-0.119089
-0.555156
-0.687565
-0.298816
0.009587
0.065122
-0.387850
-0.459360
0.019586
-0.625886
-0.198136
-0.245118
0.027490
-0.301871
-0.377075
-0.319786
-0.458319
-0.138375
-0.312866
-0.527081
0.117504
-0.084350
-0.235253
-0.144054
-0.598927
-0.064358
-0.193921
-0.245721
-0.109586
-0.319389
0.115867
-0.026898
-0.158513
-0.255410
-0.210051
-0.409865
-0.398868
-0.263439
-0.305707
-0.110876
-0.124393
-0.252465
-0.504231
-0.355499
-0.300950
-0.883758
-0.543801
-0.198446
-0.122206
-0.180104
-0.256607
-0.463691
-0.210871
-0.155201
-0.744271
-0.148215
-0.183483
-0.155898
0.011284
-0.205730
-0.220957
-0.351838
-0.118235
-0.565207
-0.360810
-0.264198
-0.610031
-0.206260
-0.286623
-0.240283
-0.284125
-0.373195
-0.175579
-0.268215
0.024524
-0.224590
-0.246255
0.018279
-0.044501
-0.377184
-0.091393
-0.152845
-0.759854
-0.185915
0.021412
-0.428164
-0.219466
-0.741472
-0.178185
0.002167
-0.271376
-0.321228
-0.068702
-0.543140
-0.253215
-0.134409
-0.215195
-0.632888
-0.148130
-0.286043
-0.179881
-0.007890
-0.265741
-0.107680
-0.537559
-0.410429
-0.113063
-0.076070
-0.111746
-0.086983
-0.295715
-0.167343
-0.428839
-0.406648
0.090682
-0.402987
-0.421009
-0.017293
0.029441
-0.336484
-0.904151
-0.153978
-0.267100
0.004680
-0.569755
-0.381644
-0.248521
-0.010553
0.019262
-0.441718
0.017856
-0.076459
-0.274301
-0.133809
-0.297535
-0.237167
-0.606470
-0.168957
-0.149340
-0.448990
-0.285265
-0.311542
-0.080476
-0.298627
-0.095243
-0.026248
-0.863134
-0.048214
-0.108674
-0.345661
-0.090906
-0.327797
0.042342
-0.176076
-0.116712
-0.026822
-0.040261
-0.040499
-0.403703
-0.376622
-0.470177
-0.409399
-0.149233
-0.132048
-0.004385
-0.404928
-0.448276
-0.021865
-0.346248
-0.364642
-0.052696
-0.203535
-0.379264
0.079891
-0.195432
-0.355075
-0.199737
-0.086900
-0.434652
-0.386743
-0.227225
0.111748
-0.083751
-0.852720
-0.066554
-0.835246
-0.132193
-0.035710
-0.173325
-0.262580
-0.125159
-0.300555
-0.450040
-0.082799
-0.466138
0.025440
0.023272
-0.645318
-0.136632
-0.097391
-0.858445
-0.088552
-0.210308
-0.250110
-0.052626
-0.287161
-0.047093
-0.257383
0.223005
-0.168914
0.106744
0.022697
-0.095092
-0.215271
-0.316871
-0.412013
-0.315435
-0.876853
-0.180480
-0.188442
-0.392002
-0.486431
-0.383777
-0.211735
0.029399
-0.365617
-0.241546
0.121484
-0.038177
-0.381106
0.000853
-0.197428
-0.396888
-0.231445
-0.793147
-0.283477
-0.268912
-0.190535
-0.194943
-0.280713
-0.224178
-0.178416
-0.273078
-0.383857
-0.344107
-0.434574
0.013506
-0.294531
-0.399378
-0.287843
-0.149314
-0.111086
-0.455768
-0.120837
-0.453780
-0.796791
-0.398883
-0.226501
-0.297459
-0.051043
-0.641513
-0.396613
-0.669185
-0.149293
-0.214564
-0.187907
-0.331422
-0.039908
-0.294320
-0.331244
-0.633336
-0.195527
-0.188388
-0.535381
0.120396
-0.077543
-0.367403
0.041600
-0.026170
-0.132520
-0.296137
-0.219181
-0.360293
-0.257492
-0.079948
-0.261820
-0.309526
-0.774861
-0.151320
-0.207979
-0.511891
-0.013271
-0.575282
-0.401322
-0.329556
-0.547842
-0.121617
-0.276225
-0.375857
-0.150253
-0.230724
-0.123367
-0.379447
-0.343515
-0.624091
-0.164535
-0.131987
-0.351631
-0.175396
-0.401324
-0.764149
-0.078805
-0.859701
-0.196268
-0.627441
-0.376218
-0.303594
-0.258769
-0.116321
-0.699272
-0.167889
-0.312022
-0.384895
-0.475153
-0.263071
0.017654
-0.117863
-0.028495
-0.326452
0.175366
-0.705348
-0.325841
-0.717508
-0.383689
-0.313715
-0.478906
-0.156883
-0.216026
-0.251543
-0.255721
-0.751839
0.004500
0.216903
-0.320898
-0.507832
-0.348908
0.042671
-0.385236
-0.569947
0.000361
-0.148206
-0.399501
-0.384764
-0.265718
-0.150806
-0.605602
-0.307834
-0.063040
-0.228442
-0.273032
-0.484854
-0.234628
-0.061761
-0.158136
-0.530894
-0.061324
-0.054537
0.021740
-0.148391
-0.478316
-0.233285
-0.199880
-0.256221
-0.205476
-0.241791
-0.460409
-0.067712
-0.583616
-0.112069
-0.170436
0.113974
-0.341991
-0.258240
-0.127860
-0.003825
-0.430424
-0.091764
-0.201779
-0.240547
-0.254795
-0.042202
-0.174551
-0.586536
0.085952
-0.341438
-0.273208
-0.164315
-0.357760
-0.179936
-0.291380
-0.453025
-0.439832
-0.513644
-0.254756
-0.345200
-0.346791
-0.193964
0.062506
-0.278786
-0.143471
0.063479
-0.185435
-0.062127
-0.582324
-0.356674
-0.332562
-0.441905
-0.429072
-0.042471
-0.012833
-0.379171
-0.359955
-0.312248
-0.363860
-0.205603
-0.395989
-0.142527
-0.038336
-0.230427
-0.186653
-0.132447
-0.199087
-0.400448
-0.088458
-0.322972
-0.142707
-0.150965
-0.133799
0.061561
-0.448263
-0.051168
-0.246739
0.121132
-0.245150
-0.362009
-0.112673
-0.332936
-0.662929
-0.311408
-0.114016
-0.134131
-0.376685
-0.238102
0.020928
-0.463348
-0.547276
-0.629495
-0.771977
-0.407779
-0.238617
-0.506144
-0.403021
-0.532424
-0.324162
0.014978
-0.413496
-0.407462
-0.098783
-0.179006
-0.432085
-0.678497
-0.685729
-0.447256
-0.211168
-0.296689
-0.813272
-0.593853
-0.768568
-0.093507
-0.424979
-0.274870
-0.119172
-0.071472
-0.170735
-0.352645
-0.391639
-0.241337
-0.289449
-0.103051
-0.229198
-0.189432
-0.149637
-0.137982
0.015352
-0.012998
-0.430545
-0.334573
-0.195079
-0.505424
-0.697383
-0.566136
-0.618915
-0.359290
-0.242502
-0.297711
-0.135138
-0.324698
-0.009607
-0.098016
-0.543635
0.119927
-0.213200
-0.593043
-0.034801
0.089659
-0.025696
-0.245350
-0.358244
-0.234231
-0.111353
-0.183002
-0.144508
-0.237291
-0.235202
-0.213323
-0.234101
-0.283467
-0.073493
-0.186847
-0.552435
-0.454095
-0.411994
0.002973
0.059474
-0.097651
-0.088314
-0.357139
-0.295705
-0.142884
-0.551484
-0.154337
-0.408910
0.240061
-0.306329
0.028661
-0.456912
-0.330490
-0.353750
0.063934
-0.375163
-0.307191
-0.387460
-0.254794
-0.148395
-0.451633
-0.753341
-0.289307
-0.331042
-0.120300
-0.305381
-0.222368
-0.517089
-0.243000
-0.676719
0.101630
0.095104
-0.400749
-0.396575
-0.530539
-0.364473
-0.504411
-0.328500
-0.346786
-0.350827
-0.032099
-0.460347
0.139663
-0.367328
-0.499936
-0.093035
0.042685
-0.412861
-0.724971
-0.330726
-0.136381
-0.048272
-0.362670
-0.207906
-0.526445
-0.101172
0.151543
-0.237785
-0.004339
-0.153524
-0.045312
-0.549922
-0.117232
-0.393696
0.023242
-0.311801
-0.326074
-0.664012
-0.089120
-0.035193
-0.559096
0.058202
-0.165819
-0.238044
-0.681772
-0.270599
-0.357011
-0.237796
-0.191569
-0.491524
-0.079490
-0.641527
-0.392530
-0.249237
-0.435136
-0.155415
-0.385867
-0.309956
-0.619992
-0.298084
-0.262498
-0.473073
0.056944
-0.311768
-0.202385
-0.401184
-0.295973
-0.471776
-0.364346
-0.015314
-0.602288
-0.069923
-0.646975
-0.175486
-0.206364
-0.362906
0.214053
-0.299506
-0.394303
-0.368082
-0.214815
0.027566
0.117526
-0.267274
0.003006
-0.264407
-0.186000
-0.164743
-0.081791
0.026714
-0.113506
-0.391568
-0.023009
-0.208131
-0.187608
-0.241298
-0.085325
-0.213607
-0.007392
-0.479308
-0.288459
-0.857844
-0.159182
-0.269073
-0.217189
-0.218309
-0.617359
-0.958244
-0.339790
-0.260234
-0.443102
-0.167254
-0.027122
-0.585591
-0.226987
-0.106229
-0.172686
-0.198162
-0.259966
-0.159316
-0.193480
-0.279171
-0.177133
-0.178348
-0.108836
-0.101014
0.074946
-0.208580
-0.438328
-0.175935
-0.664335
-0.521178
-0.556616
-0.324933
0.013355
-0.201082
-0.297510
-0.246060
-0.144423
-0.211183
-0.152580
-0.105078
0.023472
-0.387153
-0.515247
0.138750
0.101296
-0.752168
-0.033144
-0.300154
0.140125
-0.193838
-0.121934
-0.116560
-0.192023
-0.145259
-0.333526
-0.266634
-0.165636
-0.248148
-0.609638
-0.569560
-0.695938
-0.115506
-0.180168
-0.211774
-0.201999
-0.095162
-0.383199
-0.196496
-0.405023
-0.413345
-0.267257
-0.520510
-0.174013
0.136150
-0.367862
-0.314599
-0.058401
-0.098452
0.042560
-0.697535
-0.544590
-0.301810
0.268594
-0.343183
-0.255658
-0.182335
-0.327759
-0.182630
-0.581167
-0.260547
-0.387211
-0.342776
-0.236093
-0.224100
-0.381981
-0.167182
-0.021167
-0.068676
-0.033179
-0.663891
-0.108399
-0.157442
-0.150692
-0.420655
-0.461204
-0.303414
-0.259059
-0.141592
-0.466489
-0.683294
-0.213493
0.142690
-0.242242
-0.058119
0.065695
0.028891
-0.007909
-0.218984
-0.018524
-0.223127
-0.276088
-0.122594
-0.270143
-0.183125
-0.272610
-0.305227
-0.179324
-0.663994
-0.194943
0.064550
-0.324182
-0.500626
-0.224910
-0.504341
-0.519089
-0.345978
-0.493131
-0.669698
-0.126416
-0.780665
-0.366282
-0.357322
-0.129880
-0.094645
-0.204227
0.020994
-0.289942
-0.406603
-0.328918
-0.011997
-0.278679
-0.527918
-0.719784
-0.323114
-0.290503
-0.065370
0.128915
-0.755854
-0.690845
-0.265588
-0.277133
-0.286358
-0.018554
-0.371626
-0.094094
-0.374685
-0.172298
-0.481608
-0.257744
-0.233990
0.089382
-0.130499
-0.416127
-0.180938
-0.049450
-0.588185
-0.298059
-0.483701
-0.251819
-0.221255
-0.207347
-0.195719
-0.058744
-0.091312
-0.267264
-0.274282
-0.253189
-0.363043
-0.121568
-0.472629
-0.155185
-0.248703
-0.293295
-0.065002
-0.297650
-0.388828
-0.162229
-0.529330
-0.210185
-0.348249
-0.102882
-0.115647
-0.495171
-0.540532
-0.375615
-0.412258
-0.106243
-0.305927
-0.395722
-0.071484
-0.123067
-0.390236
-0.277509
-0.619818
-0.096211
-0.496561
-0.446713
-0.097026
-0.429169
-0.329254
-0.615366
-0.529532
-0.489306
-0.630221
-0.343240
-0.087993
-0.189546
-0.309450
-0.090087
-0.333374
-0.309322
-0.048394
-0.141601
-0.197740
-0.331553
-0.399359
-0.275844
-0.900497
-0.190206
-0.089943
-0.333051
-0.269082
-0.682318
-0.229866
-0.268418
-0.171840
-0.519219
-0.543244
-0.771018
-0.426276
-0.270618
-0.445416
-0.205402
-0.217190
-0.071201
-0.540235
-0.337271
-0.045585
-0.179073
-0.126875
0.003802
-0.324345
-0.169683
-0.311401
-0.243222
-0.424672
-0.445399
-0.031974
-0.306301
-0.525741
-0.349299
-0.348046
-0.090087
-0.510595
-0.395983
-0.140322
-0.589359
-0.488679
-0.413094
-0.151790
-0.009624
-0.296132
-0.404472
-0.177624
-0.347919
-0.230758
-0.114181
-0.310946
-0.053439
-0.222896
-0.307689
-0.564043
-0.087596
-0.462160
-0.156113
-0.201539
-0.057835
-0.277657
-0.420680
-0.360868
-0.317071
-0.150035
-0.196694
-0.231204
-0.339975
-0.539999
-0.186217
-0.118094
-0.315679
-0.186346
-0.407415
-0.183104
0.026070
-0.248429
-0.535663
-0.003723
-0.061937
-0.385987
-0.518604
-0.296145
-0.248880
-0.217327
-0.535698
-0.389062
-0.299640
-0.316189
-0.109964
-0.157712
-0.326122
-0.385883
-0.575849
-0.703651
-0.524987
-0.670603
-0.275341
-0.026677
-0.320137
-0.542379
-0.060478
-0.374169
-0.183212
-0.354729
-0.188864
-0.442097
-0.297260
-0.584938
-0.093204
-0.159840
-0.116781
-0.247299
-0.125717
-0.266157
-0.223266
-0.458026
-0.625032
0.039149
-0.093010
0.009192
-0.059369
-0.140618
-0.437361
-0.245230
-0.297245
-0.095133
-0.470997
-0.249952
0.022619
-0.170314
-0.521689
-0.052990
-0.304349
-0.242263
-0.326403
-0.755662
-0.147865
-0.553140
-0.150939
-0.448393
-0.294577
-0.762155
-0.226550
-0.124047
-0.138164
0.141211
-0.197896
-0.065020
-0.129828
-0.490781
-0.181414
-0.498752
-0.101769
-0.350866
-0.205089
-0.098090
-0.590602
-0.288725
0.125726
0.052674
-0.415723
-0.383340
-0.406618
-0.177774
-0.020196
-0.401669
-0.730081
-0.324510
-0.200692
-0.266638
-0.377446
-0.016208
-0.650583
-0.348600
0.072387
-0.167701
-0.032807
-0.465778
-0.108318
-0.178398
-0.000776
-0.547268
-0.316526
-0.399560
-0.338098
-0.388860
-0.118487
-0.206213
-0.258755
-0.283369
-0.333575
-0.286152
-0.054505
-0.249578
-0.249868
-0.374448
-0.644560
-0.248478
-0.124975
-0.197010
-0.207803
-0.236382
-0.902748
-0.077493
-0.351389
-0.085740
-0.365718
-0.233526
-0.394553
-0.303645
-0.381367
-0.025456
0.011666
-0.377541
-0.490128
-0.542978
-0.767174
-0.238234
-0.283643
-0.273425
-0.379299
-0.297637
-0.271061
-0.129995
-0.487989
-0.032979
-0.416972
-0.054926
-0.044290
-0.455935
-0.288698
-0.103193
-0.096472
-0.645332
0.007913
-0.116199
-0.187656
-0.184172
-0.133183
-0.031336
-0.169153
-0.287258
-0.130202
-0.236728
-0.006788
-0.078216
-0.381023
-0.242284
-0.084134
0.033586
-0.327318
-0.192852
-0.262598
-0.245157
-0.366294
-0.350266
0.139303
-0.212278
-0.353485
-0.073149
-0.183921
-0.226620
-0.091787
-0.271210
-0.204631
-0.169561
0.014359
-0.292595
0.005828
-0.093830
-0.353897
-0.150895
-0.172305
-0.459960
-0.160684
-0.491055
-0.144448
-0.268472
-0.495523
-0.246812
0.214870
-0.133691
-0.402051
-0.407219
-0.203202
-0.393317
-0.044217
-0.550717
-0.367387
0.003920
-0.249321
-0.161794
-0.931481
-0.816973
-0.279740
-0.318196
-0.089207
-0.303864
-0.343576
0.031643
-0.224051
-0.243475
-0.250159
-0.434184
-0.090488
-0.632038
-0.441194
-0.344472
-0.569953
-0.169661
-0.313356
-0.053801
-0.209855
-0.377731
-0.675156
-0.401500
0.200378
-0.536314
-0.359398
0.146902
-0.304280
-0.003988
-0.196516
-0.023683
-0.184336
0.098054
-0.055880
-0.157959
-0.462206
-0.209972
-0.046532
-0.174388
-0.086461
-0.135250
-0.347499
-0.504048
-0.274783
-0.435474
-0.316807
-0.167016
-0.637063
-0.203260
-0.513259
-0.378431
-0.266596
-0.140589
-0.291817
-0.121657
-0.214961
-0.280785
-0.066602
-0.080960
-0.386083
-0.252946
0.143504
-0.139886
-0.426691
-0.119179
-0.215304
-0.449405
-0.339567
-0.340151
-0.254744
-0.216481
-0.312405
0.363686
-0.316614
-0.516705
-0.530142
-0.255760
-0.212199
-0.202316
-0.061161
-0.262658
-0.160044
-0.488590
0.030447
-0.365279
-0.019959
-0.816892
-0.136593
0.137860
-0.350823
-0.244131
-0.284018
-0.543126
-0.235823
-0.485836
-0.437550
-0.262567
-1.066466
-0.138100
-0.223992
-0.205306
-0.434395
-0.238599
-0.197836
0.206421
-0.216631
-0.299042
-0.167145
-0.057969
-0.398185
-0.157566
-0.125918
-0.191472
-0.272615
-0.319327
-0.294954
-0.946699
-0.334869
0.002582
-0.209286
-0.127305
-0.294736
-0.165414
-0.616872
-0.220415
0.119626
-0.141426
-0.276475
-0.388095
-0.170962
-0.037987
-0.232478
-0.337367
-0.173830
0.180059
-0.565654
-0.362084
-0.460697
-0.323550
-0.529415
-0.166701
-0.191308
-0.293218
-0.324173
0.170692
-0.243564
-0.219712
-0.023145
0.167791
-0.589490
-0.416413
-0.291644
-0.755466
-0.551811
-0.144257
-0.210607
-0.313782
-0.430309
-0.366402
-0.516114
-0.156178
-0.101331
-0.275801
-0.236882
-0.102381
-0.496148
0.185598
-0.114323
-0.079650
-0.196961
-0.249403
-0.384979
-0.453763
-0.244048
-0.282857
-0.073694
-0.269451
-0.189638
-0.071325
-0.303340
-0.036957
-0.345722
-0.411702
-0.320937
-0.093342
-0.106125
-0.155606
-0.482695
-0.571231
-0.556430
-0.293344
-0.696515
-0.744855
-0.551318
-0.082101
-0.065534
-0.305281
-0.559193
-0.283758
-0.392914
-0.506292
-0.618843
-0.263003
-0.256044
-0.139040
-0.148051
-0.116278
-0.433108
-0.336824
0.005127
-0.239768
-0.271205
-0.097321
-0.340803
0.004807
-0.112622
-0.486033
-0.168634
-0.413536
0.047466
-0.297969
-0.169453
-0.504160
-0.096587
-0.109702
-0.289395
-0.251200
-0.367537
-0.320869
-0.452884
-0.540066
-0.374425
-0.086981
-0.288523
0.030127
0.253899
-0.492331
-0.214693
-0.247559
-0.207138
-0.303443
0.021794
0.125830
-0.079295
-0.011897
-0.208683
-0.381868
-0.096247
-0.425837
0.061591
-0.210615
-0.164670
-0.181704
-0.079188
-0.100072
-0.398713
-0.200073
-0.234330
-0.330526
-0.244259
-0.163009
-0.307170
0.058258
-0.152508
-0.257651
-0.600808
-0.325450
0.069629
-0.644329
-0.311114
-0.085512
-0.073524
-0.470385
-0.335800
-0.226488
-0.253448
-0.346421
-0.231577
-0.253705
-0.111965
-0.259623
-0.294903
0.031711
-0.109808
-0.045757
-0.317538
-0.232922
-0.123803
-0.265663
0.147113
-0.187952
-0.290632
-0.199180
-0.271326
-0.150487
-0.255832
-0.320412
-0.278007
-0.269828
-0.314871
-0.302599
-0.165386
-0.526233
-0.078404
-0.210499
-0.289750
-0.202102
-0.291474
-0.131814
-0.246600
-0.514675
-0.268728
-0.295642
-0.268870
-0.084793
-0.216153
-0.727621
0.014493
-0.340641
-0.259387
-0.070222
-0.119853
-0.079688
-0.172965
-0.509394
-0.800073
-0.239546
-0.195307
-0.119621
-0.285551
-0.088253
-0.191540
-0.169154
-0.138499
-0.284423
-0.410412
-0.499453
0.235837
-0.241417
-0.273174
-0.321569
-0.080915
-0.655413
-0.113155
-0.551541
-0.148488
-0.273365
-0.507017
-0.313081
-0.069496
-0.313503
-0.280303
0.114366
-0.306652
-0.666927
-0.371380
-0.334369
-0.132131
-0.436677
0.199375
-0.364647
-0.456505
-0.359537
-0.149002
-0.011099
-0.264910
-0.301116
-0.356408
-0.116076
-0.459583
-0.535465
0.078895
-0.138031
0.052208
-0.680194
0.058816
-0.151591
-0.081025
-0.268068
-0.149435
-0.425575
-0.380500
-0.110856
-0.238393
-0.558039
-0.149670
-0.226079
-0.504251
-0.194837
-0.153275
-0.543813
-0.335046
-0.235305
-0.192224
-0.423834
-0.428228
-0.080584
-0.403626
-0.581863
-0.695390
-0.088046
-0.214054
-0.160467
-0.308169
-0.329417
-0.875013
-0.731766
-0.125215
-0.689042
-0.005186
-0.276683
-0.043995
-0.360909
-0.171303
-0.115750
-0.296457
-0.074079
-0.193094
-0.671795
-0.123463
-0.234421
-0.310553
-0.121621
-0.321880
0.067429
-0.061169
-0.591053
-0.089666
-0.152784
-0.159892
-0.162519
-0.120503
-0.389118
0.058765
-0.500756
-0.178574
-0.005115
-0.186315
-0.086665
-0.489551
0.025201
-0.158700
-0.745016
-0.499418
-0.013478
-0.454367
-0.276591
-0.068322
-0.069889
-0.032060
-0.447867
-0.250237
-0.008449
-0.237755
-0.389676
-0.323914
0.057399
-0.398709
-0.441891
-0.329626
-0.315798
-0.225567
0.035804
-0.202496
-0.010624
-0.296738
-0.286921
-0.517441
-0.288990
-0.056545
-0.337724
-0.295916
-0.953180
-0.369259
-0.358171
-0.170549
-0.212401
-0.244237
-0.449782
-0.186703
-0.534891
-0.186241
-0.356221
0.080361
-0.346410
-0.193572
-0.529319
-0.542828
-0.402847
-0.182032
-0.115850
0.047903
-0.093503
-0.393617
-0.238894
0.165397
-0.064577
0.082293
-0.200288
-0.260088
-0.255409
-0.307089
-0.164554
0.085156
-0.093948
-0.358687
-0.224220
-0.250066
-0.197198
-0.357229
0.089612
-0.534285
-0.182916
-0.497153
-0.536608
-0.187627
-0.279637
-0.503418
-0.204162
-0.165843
-0.040798
-0.287402
-0.133596
-0.279180
-0.346486
-0.463064
-0.089476
-0.358219
-0.314779
-0.178614
-0.256253
-0.470906
-0.534647
-0.217239
-0.115745
-0.170531
-0.251207
-0.050822
-0.387435
-0.276500
-0.007847
-0.019774
-0.443991
-0.315959
-0.453569
-0.241477
-0.143176
-0.050740
-0.168743
-0.434299
-0.216389
-0.209199
0.021228
-0.053285
-0.114756
-0.288905
-0.157994
-0.257930
-0.206728
-0.267897
-0.457680
0.133891
-0.007617
-0.292052
-0.081129
-0.393247
-0.317266
-0.567559
0.055219
-0.051250
-0.088901
-0.503387
-0.138163
-0.222753
-0.114818
0.055376
-0.201168
-0.597467
0.008914
-0.317534
-0.141386
-0.324173
-0.366894
-0.001351
-0.055822
-0.085163
-0.208783
-0.428571
-0.248285
-0.065239
-0.078335
-0.174142
-0.254634
-0.511190
-0.448490
-0.722095
-0.489147
-0.273651
-0.295973
-0.454165
-0.270978
-0.220221
-0.550471
-0.545134
-0.005987
-0.263193
-0.210236
-0.108167
-0.441327
-0.319865
-0.403232
-0.065455
-0.366203
0.006620
-0.534209
-0.104224
0.089254
-0.450966
-0.358083
-0.262510
-0.460402
-0.595171
-0.580320
-0.194655
-0.200057
-0.864933
-0.156069
-0.563487
-0.165637
-0.144105
-0.209463
-0.275352
-0.080370
-0.341572
-0.095223
-0.380488
-0.228345
-0.160474
-0.345894
-0.368019
-0.685537
-0.177183
-0.041315
-0.280099
-0.116467
-0.426035
-0.304840
-0.350925
-0.243937
-0.110011
-0.060070
-0.270919
-0.141128
-0.109976
-0.321187
-0.333727
-0.248107
-0.359318
-0.241863
-0.030278
0.047952
-0.404781
-0.632245
-0.279359
0.012697
-0.169179
-0.084158
-0.411091
-0.019892
-0.437972
-0.229393
-0.420937
-0.203644
-0.274190
-0.234311
0.090028
0.050492
-0.423036
-0.851623
-0.488080
-0.422948
-0.540879
-0.204155
-0.268048
-0.346642
-0.166074
-0.294477
-0.440737
-0.101767
0.043383
-0.334673
-0.230751
-0.245249
0.087799
-0.329151
0.038528
-0.253741
-0.162136
-0.017829
-0.209637
-0.431803
0.014920
-0.120819
-0.172933
-0.337698
-0.362195
-0.075184
-0.094479
-0.299325
-0.273395
-0.248312
-0.251651
0.027408
-0.127976
-0.389425
-0.209584
-0.209892
-0.187969
-0.272238
-0.073959
-0.541223
-0.492966
-0.624826
0.065706
-0.462806
-0.236794
-0.346860
-0.289313
-0.781845
-0.553928
-0.317597
-0.104398
0.023574
-0.400542
-0.095802
-0.210350
-0.733034
-0.523053
-0.137481
0.057408
-0.201998
-0.343840
-0.166007
0.215856
-0.330538
0.047437
-0.285020
-0.323232
-0.104321
-0.685945
-0.441478
-0.346097
-0.242262
-0.331875
-0.227379
-0.193586
-0.312506
-0.299929
-0.187330
-0.451788
-0.202841
-0.034244
-0.247809
-0.174063
-0.293377
-0.152488
-0.721489
-0.171108
-0.238343
-0.861791
-0.227774
0.035142
-0.169054
-0.168423
-0.199921
-0.767449
-0.118133
-0.000958
-0.226036
-0.371076
0.113765
-0.244212
-0.055637
-0.195638
-0.338115
-0.358439
0.047866
-0.212077
0.067995
-0.210635
-0.314535
-0.068336
-0.266050
-0.597204
-0.869698
-0.580043
-0.313658
-0.409277
-0.901143
-0.317441
-0.270040
-0.550266
-0.018732
-0.679797
-0.096736
-0.256996
-0.117782
-0.112793
-0.264728
-0.451632
0.151963
-0.246106
-0.221374
-0.156513
-0.035309
-0.604736
-0.071917
-0.032062
-0.051328
-0.632011
-0.171480
-0.172226
-0.186452
-0.073638
-0.128068
-0.303854
-0.504118
-0.289439
-0.078480
0.000641
-0.046592
-0.024271
-0.169673
-0.436237
0.083781
-0.382304
0.139411
-0.203741
-0.596092
-0.389234
-0.678477
-0.001500
-0.255210
-0.075819
0.100834
-0.582119
-0.119083
-0.279036
-0.519477
-0.458483
-0.261182
-0.564356
-0.486048
-0.220260
-0.371118
-0.345981
-0.269414
-0.051180
-0.236798
-0.155837
-0.243926
-0.383845
-0.108573
-0.677962
-0.137891
-0.243653
-0.119616
-0.164109
-0.204537
-0.419944
-0.590768
-0.102492
-0.366087
-0.260466
-0.376349
-0.057073
-0.446112
-0.232422
-0.284355
-0.028757
-0.102343
-0.424690
0.064352
-0.074770
-0.304121
-0.142901
-0.546294
-0.078089
-0.503392
-0.353109
-0.119907
-0.125833
-0.262465
-0.490691
-0.473744
-0.340362
-0.288526
-0.333728
-0.147936
-0.249197
-0.066551
-0.376980
-0.623459
0.013334
-0.282016
-0.464504
-0.102944
-0.235038
-0.196720
-0.021891
-0.551845
-0.263208
-0.319739
-0.078225
-0.457017
-0.564122
-0.138047
-0.074062
-0.356930
-0.228601
-0.065041
-0.013769
-0.112339
-0.525408
-0.008868
-0.546123
-0.409426
0.079060
-0.183507
0.049771
-0.438521
-0.463805
-0.220221
-0.882167
-0.307740
-0.233899
-0.031686
-0.173451
-0.567220
-0.304400
-0.523742
-0.491415
-0.114777
0.017457
-0.648614
-0.299786
0.077471
-0.204691
-0.145807
-0.194608
-0.243209
-0.525137
-0.104217
-0.224856
-0.330917
-0.286111
0.005672
-0.142764
-0.265612
-0.446697
-0.519830
-0.162899
-0.334853
-0.186951
-0.496853
0.071575
-0.278580
-0.310364
-0.117065
-0.311280
-0.173952
-0.355081
-0.399149
-0.236441
-0.261630
-0.227707
-0.400387
-0.157457
-0.058574
-0.335383
-0.036637
-0.196106
-0.158971
-0.208813
0.289668
-0.452196
-0.601610
-0.277997
-0.130432
-0.399432
-0.625310
-0.195934
-0.357493
-0.059089
-0.215099
-0.266033
-0.124982
-0.163952
-0.470167
-0.386385
-0.254631
-0.171088
-0.288162
-0.230004
-0.086332
-0.534104
-0.321944
-0.244566
-0.236355
-0.209244
-0.115928
-0.005242
-0.586544
-0.112208
-0.116046
-0.188065
-0.026213
-0.234300
-0.632188
-0.019500
-0.095481
-0.351484
-0.413423
-0.555474
-0.259142
-0.241445
-0.461577
0.022476
-0.025997
-0.224795
-0.229671
-0.455259
-0.384203
-0.007766
-0.557479
-0.141382
-0.105765
-0.803242
-0.144402
-0.308655
-0.238708
-0.084516
-0.023702
-0.374145
-0.518977
-0.585810
-0.830693
-0.375528
-0.419231
-0.220025
-0.209474
-0.304599
-0.550489
-0.588971
-0.308490
-0.300587
-0.150336
-0.115686
-0.022474
-0.175666
-0.046862
0.019586
-0.062063
-0.289504
-0.697681
-0.302666
-0.241915
-0.272989
-0.414377
-0.491883
-0.316280
-0.272669
-0.229918
-0.047888
-0.534184
-0.048400
-0.437765
-0.471270
-0.186887
-0.262484
-0.303112
-0.179634
-0.123310
0.004430
-0.394426
-0.078569
-0.058416
-0.175294
-0.088698
-0.206310
-0.297010
-0.074531
-0.029258
-0.607264
-0.296460
-0.042929
-0.366699
-0.143351
-0.052411
-0.112078
-0.330946
-0.608490
-0.130528
-0.249181
-0.214834
-0.179580
-0.209409
-0.250927
0.064637
-0.416309
-0.254163
-0.345630
-0.502971
-0.013013
-0.223151
0.029525
-0.073350
-0.302951
-0.076750
-0.167478
0.072117
-0.090611
-0.448544
-0.511314
-0.187270
-0.308382
-0.426899
-0.386806
-0.171574
0.034234
-0.498338
-0.363664
0.082036
-0.227254
-0.552103
-0.564989
-0.303821
0.033436
-0.761249
-0.518898
-0.459001
-0.439925
-0.398856
-0.403549
-0.194067
-0.201200
-0.178694
-0.392735
0.080630
-0.314413
-0.168383
0.280800
-0.388026
-0.402198
-0.662694
-0.224504
-0.402893
-0.078698
-0.111840
-0.454843
-0.498413
-0.466787
-0.574674
-0.775935
-0.004772
-0.103119
-0.127406
-0.307561
-0.317407
-0.300564
-0.483611
-0.190076
-0.309055
-0.600027
-0.082244
-0.422700
-0.195871
-0.230244
-0.176738
0.114008
-0.519317
-0.422798
-0.110239
-0.573440
-0.362641
-0.308032
-0.218257
-0.561165
-0.592011
-0.310756
-0.227379
-0.237168
-0.461268
0.006537
-0.235462
-0.096009
0.023088
-0.201775
-0.263239
-0.376329
-0.015905
-0.670442
-0.143425
0.023332
-0.449413
-0.113803
-0.162936
-0.348009
-0.361102
-0.343968
-0.084373
-0.399762
-0.028697
-0.142723
-0.456446
-0.421961
-0.158084
0.093237
-0.541665
-0.465927
-0.333512
-0.326261
-0.213976
0.071850
-0.269437
-0.255510
-0.116918
-0.308149
-0.233148
-0.398199
-0.122763
-0.466634
-0.021728
-0.114090
-0.663197
-0.447161
-0.312383
-0.215084
0.143604
-0.101765
-0.151675
-0.399297
-0.026855
-0.422391
-0.167237
-0.046268
-0.081781
-0.266233
-0.112358
-0.043842
-0.532831
-0.143646
-0.303270
-0.233591
-0.218787
-0.368337
-0.164433
-0.266437
-0.298471
-0.344963
-0.289535
-0.788960
-0.274859
-0.564126
-0.485156
-0.407587
-0.249646
-0.113846
-0.166461
-0.101090
-0.213426
-0.235082
-0.182610
0.160900
-0.210679
-0.586761
-0.146610
-0.138295
-0.497075
-0.637360
-0.004544
-0.242835
0.104542
-0.530838
-0.264117
-0.177579
-0.364191
-0.130661
-0.509602
-0.033943
-0.128249
-0.277843
-0.731035
-0.212860
-0.376481
-0.218861
-0.132381
-0.696407
-0.151469
-0.148654
-0.225864
-0.199471
-0.120863
-0.093529
-0.043020
-0.104605
-0.407737
-0.004472
-0.321113
-0.094653
0.023409
-0.213501
-0.492853
-0.488717
-0.563209
-0.562414
-0.371656
0.009874
-0.341620
-0.090496
-0.119965
-0.297227
-0.178994
-0.049293
-0.117241
-0.733612
-0.218366
-0.389550
-0.142652
-0.217704
-0.211300
-0.372189
-0.214500
-0.660990
-0.176888
-0.211173
-0.234567
-0.396051
-0.306342
-0.205876
0.112427
-0.134441
-0.256058
0.076735
-0.000562
-0.165503
-0.655872
-0.274823
-0.158864
-0.213013
-0.046245
0.008949
-0.118048
-0.094536
-0.367256
0.029490
-0.225203
-0.226395
-1.023289
-0.189210
-0.261571
-0.216750
-0.530660
-0.164706
-0.161147
-0.355474
-0.358712
-0.284033
-0.492841
-0.046762
-0.227441
-0.391047
-0.097725
-0.166844
-0.105264
-0.117779
0.090414
-0.027388
-0.194891
-0.018029
-0.341113
-0.796331
0.008478
-0.366851
-0.021705
0.030419
-0.224485
-0.371155
-0.002702
0.082647
-0.249374
-0.274395
-0.258795
-0.263230
-0.304040
-0.304035
-0.653123
-0.173601
-0.307403
-0.770068
-0.369014
0.061976
-0.145535
-0.226242
-0.102632
-0.417555
-0.148761
-0.130509
-0.647767
-0.266642
0.137361
-0.213489
-0.507645
-0.066515
-0.089423
-0.031274
-0.037336
-0.152160
-0.623519
0.003044
-0.650334
-0.414811
-0.157161
-0.424564
-0.114076
-0.556614
-0.215832
-0.069385
-0.352893
0.018910
-0.260615
-0.501863
-0.364725
0.159550
-0.326046
-0.332448
-0.736268
-0.210678
-0.269354
-0.659505
-1.056677
0.015041
-0.462319
-0.231302
-0.454024
0.014692
-0.082006
-0.354405
-0.285589
-0.103040
-0.529587
-0.277233
-0.183391
-0.519126
0.032696
-0.476728
-0.166542
0.173342
-0.284526
0.089359
-0.556256
-0.008052
-0.204857
-0.061862
-0.336071
-0.168183
-0.335444
-0.342714
0.056170
-0.211966
-0.604255
-0.425290
-0.051088
-0.304206
-0.132559
-0.018703
-0.292648
-0.050083
-0.189663
-0.167349
-0.141146
-0.478865
-0.289882
-0.242687
-0.446241
-0.047859
-0.221372
-0.137654
-0.322431
-0.486609
-0.230303
-0.306347
-0.108611
-0.742808
-0.225548
-0.268295
-0.489917
-0.117890
-0.119046
-0.362134
-0.145628
-0.516475
-0.253237
-0.625869
-0.214240
-0.234877
-0.237662
-0.309521
-0.076351
-0.322594
-0.150273
0.099221
-0.221728
-0.268206
-0.358589
-0.081846
-0.150238
-0.316913
-0.171536
-0.450915
-0.464291
-0.245896
-0.303679
-0.283939
-0.341614
-0.159694
-0.641929
-0.343409
-0.158166
-0.255968
-0.387689
-0.096980
-0.406336
-0.028719
-0.409422
-0.615315
-0.040760
-0.145515
-0.577357
-0.699959
-0.071044
-0.564236
-0.075656
-0.166439
0.009065
-0.174034
-0.036076
-0.338755
-0.508840
-0.363529
-0.043571
-0.317152
-0.089475
-0.206327
-0.231516
-0.935808
-0.068431
-0.565120
0.041221
-0.210318
-0.033451
-0.162575
-0.185616
-0.377438
-0.370951
-0.123097
-0.220934
-0.434502
-0.069526
-0.120559
-0.415478
-0.267179
-0.531934
-0.300671
-0.130129
-0.444173
-0.208607
-0.350691
-0.040114
-0.502262
-0.327906
0.081601
-0.310845
-0.161182
-0.326840
-0.080365
-0.159543
-0.029720
-0.417256
-0.274113
-0.105768
-0.305603
-0.214157
-0.248719
-0.394055
-0.482624
-0.463193
-0.007791
-0.202145
-0.178005
-0.423512
-0.174676
-0.092114
-0.221661
-0.440357
-0.158534
-0.190930
-0.216094
-0.148987
-0.758360
-0.344792
-0.212509
-0.231340
-0.401032
-0.325619
-0.293980
-0.285199
-0.325508
-0.383339
-0.046182
-0.322908
-0.224198
-0.403735
-0.184343
-0.464183
-0.204093
0.030937
-0.011592
-0.377580
-0.160581
-0.255553
-0.001445
-0.228136
-0.351584
-0.227722
-0.265530
-0.262122
-0.508911
-0.097253
-0.023623
-0.110567
-0.037119
-0.201574
-0.107015
-0.165132
-0.390901
-0.277519
-0.315688
-0.233384
-0.205603
-0.115432
-0.342282
-0.394712
0.059765
-0.390871
0.023716
-0.401889
-0.300911
-0.310041
-0.159431
-0.049370
-0.295708
-0.375623
-0.274804
0.161079
-0.095608
-0.181129
-0.286457
-0.315518
-0.598445
-0.057465
-0.331610
0.101802
0.048012
-0.711237
-0.292515
-0.576096
-0.368080
-0.259129
-0.208622
-0.226730
-0.358585
-0.296023
-0.293165
0.095779
-0.203462
0.015085
-0.571516
-0.526035
-0.228080
0.183462
-0.130471
-0.067145
-0.314472
-0.488819
-0.420475
-0.546873
-0.330280
-0.371789
-0.253162
-0.107242
-0.324319
-0.353314
-0.459702
-0.060774
-0.280677
0.093754
-0.034998
-0.039741
-0.653222
-0.168995
-0.337037
-0.335152
-0.278541
-0.373449
-0.134110
-0.077550
-0.175240
-0.567279
-0.397830
-0.363106
-0.192692
-0.403007
-0.771588
-0.448119
-0.269048
-0.211671
-0.118068
0.022851
-0.223345
-0.337080
-0.205288
-0.307193
-0.021160
-0.334269
-0.424987
0.016139
-0.198207
-0.272890
-0.377756
-0.266278
-0.535651
-0.589169
-0.096733
0.061707
-0.276275
-0.514958
0.032358
-0.697645
-0.125631
-0.086265
-0.389691
-0.507467
-0.207423
-0.333285
-0.064448
-0.237339
0.161918
-0.115197
-0.884320
-0.863953
-0.304769
-0.150652
-0.253337
-0.731179
-0.000687
-0.120340
-0.168830
-0.007147
-0.075090
-0.443650
-0.194176
-0.593465
-0.257834
-0.034079
0.063678
-0.458417
-0.186079
-0.108562
-0.507530
-0.213536
-0.293260
-0.418737
-0.103595
-0.063781
-0.074539
-0.318334
-0.516627
-0.238198
-0.433674
-0.396312
-0.274159
-0.267176
-0.223001
-0.021596
-0.369607
-0.250903
-0.176442
-0.197765
-0.282294
-0.212333
-0.100569
-0.339458
-0.232234
-0.369846
-0.413271
-0.314432
-0.551266
-0.312279
-0.337621
0.118663
-0.332438
-0.173058
-0.143966
-0.272433
-0.281253
-0.109363
-0.479655
-0.186820
-0.116777
-0.152976
-0.229340
-0.391415
-0.238399
-0.203106
0.129573
-0.024071
-0.050272
0.063153
-0.191038
-0.278459
-0.052131
-0.661624
-0.267073
-0.507057
-0.202877
-0.578894
-0.267960
-0.144126
-0.063632
-0.257475
-0.417474
-0.438382
-0.230223
-0.164683
-0.257446
-0.149389
0.001164
-0.130117
-0.435263
-0.326749
0.072813
-0.235509
-0.199049
-0.582818
-0.438434
-0.204752
-0.304989
-0.349116
-0.443747
-0.599209
-0.277669
-0.089797
-0.076758
-0.373610
-0.281951
-0.331514
-0.373979
-0.068198
-0.024384
-0.363300
-0.269274
-0.326856
-0.003458
-0.610848
-0.478597
-0.172800
-0.068807
-0.500228
-0.248980
-0.288526
-0.759016
-0.309301
-0.126240
-0.382551
-0.861179
-0.051367
-0.685359
-0.177689
-0.105937
-0.213147
-0.342748
-0.456121
-0.023593
-0.209900
-0.149751
-0.167820
-0.049424
-0.273234
-0.550789
-0.151065
-0.276502
-0.496835
-0.052574
-0.336021
-0.295257
-0.112322
-0.321070
-0.234516
-0.086019
0.031130
-0.163911
-0.102587
0.021921
-0.358283
-0.150427
-0.077367
-0.182273
-0.267817
-0.338741
-0.075433
-0.448650
-0.246177
-0.083873
-0.426643
-0.045887
-0.243259
-0.108450
-0.129190
-0.312854
-0.900463
-0.247030
-0.069605
-0.626946
-0.421995
0.225316
-0.596790
-0.280921
-0.043840
-0.062719
-0.137286
-0.511099
-0.330843
-0.226045
-0.571320
-0.148836
-0.063653
-0.136294
0.086427
-0.272934
-0.222126
0.076711
-0.315772
0.067959
-0.387948
-0.221059
-0.156644
-0.064823
-0.210235
0.138947
-0.258758
-0.253010
-0.280850
-0.488995
-0.145301
-0.198034
-0.131676
-0.240650
-0.310366
-0.366109
-0.199814
-0.786483
-0.514159
-0.265307
-0.535397
-0.033410
-0.377780
0.094113
-0.185063
-0.611006
-0.003655
-0.128562
-0.243241
-0.463031
-0.154448
-0.108559
-0.339001
-0.006221
-0.829679
-0.304437
-0.401690
-0.405620
0.093118
-0.342161
-0.627598
-0.326069
-0.178203
-0.651852
-0.522548
-0.423606
0.102122
-0.054933
-0.023643
-0.602469
-0.275053
-0.190397
-0.189423
-0.482452
-0.744275
0.040453
-0.311768
0.110506
0.045251
-0.247960
0.012418
0.113700
-0.239300
-0.130314
-0.130984
-0.190204
-0.197329
-0.502518
-0.224522
-0.191839
-0.090565
0.031697
-0.032619
-0.257264
-0.332263
0.092317
-0.050622
-0.338197
0.025272
-0.217237
-0.305201
-0.390578
-0.019382
-0.101107
-0.184250
-0.301732
-0.980284
-0.291155
-0.354861
-0.301544
-0.408994
0.114712
-0.260498
-0.303324
-0.284412
-0.757594
-0.206434
-0.580416
-0.468302
-0.436761
-0.083207
0.027017
-0.181601
-0.321986
-0.243874
-0.304415
-0.153311
-0.302516
0.068519
-0.419129
-0.395608
-0.183723
-0.368307
-0.431324
-0.103192
-0.402031
-0.052079
-0.044940
-0.355430
-0.180576
-0.160694
-0.203715
-0.572913
0.083592
-0.395296
-0.392403
-0.314774
-0.405894
-0.133235
-0.027456
-0.307444
-0.437310
-0.175988
-0.382629
-0.481964
-0.224955
-0.481544
-0.141848
-0.109355
0.015229
-0.356547
-0.356987
-0.075487
-0.384404
-0.124578
0.011578
-0.372009
-0.222080
-0.146391
-0.498893
-0.242843
-0.092389
-0.049643
-0.558080
-0.335759
-0.263804
-0.437409
0.044977
-1.017907
-0.365808
-0.157290
-0.452832
-0.170193
-0.067665
-0.077519
-0.091296
-0.415962
-0.834257
-0.431842
-0.343679
-0.168994
-0.549866
-0.023433
-0.387407
-0.102721
-0.301996
-0.250096
-0.203236
-0.696708
-0.050731
-0.184217
-0.348712
-0.253464
-0.469607
-0.890700
-0.120749
-0.079778
-0.155485
-0.432816
-0.224313
-0.229357
-0.387000
-0.046643
-0.555546
-0.472213
-0.473872
-0.330345
-0.357515
-0.161905
-0.408510
-0.269494
-0.506573
-0.240513
-0.475471
-0.119008
-0.097282
-0.464467
-0.489825
-0.458540
-0.216062
0.058524
-0.094934
-0.165083
-0.035558
-0.269043
0.231821
-0.052397
-0.228768
-0.119936
0.016000
-0.062167
0.013991
-0.323330
-0.287253
-0.682426
-0.248381
-0.246782
-0.023752
-0.086329
-0.337698
0.000985
-0.213880
-0.120845
0.006186
-0.497035
-0.381721
-0.204385
-0.610317
-0.857875
-0.137485
-1.056950
-0.561742
-0.575210
-0.309433
-0.139161
-0.359111
0.049785
-0.356171
-0.113141
-0.032571
-0.184396
-0.346112
-0.337252
-0.216996
0.076212
0.128055
-0.521377
-0.110764
-0.109943
-0.655204
-0.254235
-0.277497
-0.199011
-0.502541
-0.208029
-0.345195
-0.040682
-0.449928
-0.666037
-0.331939
-0.101762
-0.382177
-0.570926
