3487
1146
2317
1910
19507
15316
21879
24490
13520
3148
25683
23594
4331
1915
5330
9734
18252
21139
11315
17572
14646
19004
9165
19532
10746
1612
16860
12950
1269
24823
13272
23812
21669
10092
22386
10085
18970
16749
17868
3190
12285
4365
20107
22697
17696
17217
7656
905
23451
14740
16020
7648
2293
23380
1827
629
15303
22141
7415
22453
20147
10418
4010
13578
4644
13075
18431
23895
20894
8815
16894
23367
11106
12563
18492
13583
2069
12505
2333
10628
1139
5023
20225
60
11198
18765
6140
23586
16741
17214
24616
4094
3553
20334
8124
16313
24709
5444
10537
12176
11018
9791
276
4301
5024
4152
15045
14577
14654
4333
22819
2563
5856
6174
21275
11996
7832
11181
23371
21327
16778
1695
6161
8186
24887
23117
25304
6195
21384
22030
222
6137
12647
9582
9470
14305
12661
9911
2096
20269
8468
24838
16051
23489
15004
25139
10276
10842
18208
9047
23225
11868
19612
2782
7253
17534
242
5291
12475
2582
11120
22058
9128
23602
3782
18166
5223
19499
14682
2875
8373
21525
3193
11020
10411
19114
19368
16245
17276
22950
3294
5406
7418
12442
18167
17823
1689
10375
18861
21863
5853
13844
23983
8276
18087
11609
7917
14641
19248
16736
4150
20445
3334
2853
7967
7592
12000
4517
3538
16570
9482
16981
16099
2142
16680
24068
6081
4477
24642
24214
25206
14966
10029
13865
2969
12158
6454
11543
9139
2794
5017
23734
5245
21549
2232
9819
3143
13989
21848
21576
21168
15708
22844
19649
7535
607
252
11019
6759
9203
18804
21400
5902
22438
17692
8787
13087
9386
976
21433
12571
855
11815
22814
23409
6132
19313
4720
2407
6979
23304
3559
9207
145
4221
21354
8866
11294
5220
2480
10589
18605
3885
19167
8507
18778
23953
5199
15190
25124
22863
23493
25231
19865
6694
17652
18324
19635
11359
23288
25181
23403
25663
22469
23716
21351
13522
5158
14297
1169
20331
4279
10229
10618
1844
18543
10988
5232
14606
15091
873
1646
20383
20059
23263
6202
12070
20800
3935
23407
5259
10444
5486
8719
22430
9767
25513
17733
7660
25259
17986
3649
7264
8443
17683
2067
6049
24943
13904
12391
20094
7229
17772
14388
24254
15857
24033
23029
4490
15560
11103
395
10710
7847
14961
4079
8652
24523
8139
9817
5934
19343
6215
16374
2178
3705
12185
3401
12050
2522
18818
23499
8235
3558
13173
19967
24879
13607
424
25593
11601
12231
17737
933
15671
24937
15636
24102
7352
18475
7089
20124
3482
20303
3514
6231
17089
16803
12092
21532
25481
9829
5667
25266
16053
217
18377
53
22314
13105
929
14616
20262
12432
20377
7532
25442
24026
25153
25733
25312
23890
5263
18735
24826
12132
5019
24482
15977
6366
21832
10414
10304
7125
8553
23428
11751
6357
21885
20371
17448
18338
9575
20514
15409
17426
8521
22067
9529
11130
13851
6303
8493
24660
7087
20264
7069
8140
15897
11606
6825
25335
18569
5823
10488
25725
22467
20571
7672
18177
1262
4344
20604
17453
24746
20763
20153
12422
25401
16300
16850
11371
15256
4933
245
6002
1670
15193
14584
22424
9607
16509
7578
23319
22759
4714
16098
10792
20529
16637
7826
12035
1252
24652
24874
14511
9402
5435
25550
22715
15785
16273
7448
3469
14214
12634
1817
1596
6334
9178
7217
6934
25717
18907
20684
23193
2431
19015
24863
7174
25295
9852
18704
16863
14432
13185
5088
20322
25624
16717
13905
21090
19265
18511
11342
1291
5789
20314
2713
4351
162
22605
17712
21809
9783
24376
14704
25260
4724
17704
868
7561
8947
5961
17220
7494
19816
11713
5897
3014
13614
13146
24518
7420
21807
8444
7855
13261
13066
483
16285
23238
13751
1086
12676
7487
6320
2428
3733
8055
21665
18405
14220
20339
21164
21577
24912
231
22883
12801
7902
23026
18127
24217
6429
21460
22155
12236
23755
9355
24567
9085
9064
2148
17128
20047
11221
11918
4308
5629
12336
12405
23181
18147
20770
544
19651
4647
4498
19496
21505
2538
19666
13827
9560
14802
10736
11427
14496
4055
17022
22236
18681
24135
11218
3363
14790
15923
24386
11916
2341
15985
14356
25209
17719
114
23511
16947
8547
22613
20628
3620
16789
917
6349
3635
4736
1373
78
15966
24401
2485
14534
23959
20021
6435
18289
3197
17782
9525
8707
4783
11909
25553
14018
18891
10800
12552
10197
20758
16258
4128
13726
24312
23463
6664
23616
25222
16883
953
18067
25673
13338
22143
24787
19461
15634
5299
20360
20709
19375
25488
458
15852
14905
13392
7284
4994
1583
17948
21837
23440
7996
5193
10845
12314
24291
5710
5237
2584
14015
3722
5463
9994
16079
12086
13697
2
17876
19145
2383
6390
8878
16359
5240
11963
24884
22378
15293
4298
631
20597
13993
8676
21074
19185
1323
10998
4233
17622
17450
5980
19510
11662
7462
20642
21182
16576
9074
10899
8963
19901
20999
22751
24940
6580
25078
5389
9729
5461
16044
9200
9192
12810
8816
3715
15138
3394
19205
20659
13708
14171
7536
11177
9161
19713
16457
11229
6123
2984
3421
9370
6096
15687
6338
19698
5550
19474
599
21422
21486
8822
17801
18938
100
4552
7901
1232
12192
12734
24459
6554
16180
6092
5284
603
8646
21033
16805
9687
3231
9226
609
10672
12904
5266
15034
21504
6021
25643
4621
5251
19875
2771
9112
9423
2549
4491
1965
17960
15411
5992
21125
4117
24381
14850
2174
17277
15055
10163
908
1495
25281
24926
9379
19401
11123
18638
10012
5809
6440
23500
2952
91
8004
18159
12541
9291
24705
13729
17284
18674
6163
14273
10649
327
21682
21309
3028
9280
5535
5087
14729
12865
24431
22202
20300
7279
23134
20299
16321
24232
21401
16870
11724
6860
1841
16070
6062
8783
5187
2839
2869
11419
6565
3416
13581
2410
16017
24508
25702
15691
20608
23271
22920
1299
20857
9972
8242
25424
22418
5506
6912
18186
13078
23081
10099
23972
16580
10858
16383
11879
9868
14287
15867
7228
12425
13918
18260
3207
16500
11349
2820
15738
20055
19464
18350
19308
19941
19315
17031
23331
4759
9008
856
24895
11600
13866
17178
22774
11317
11201
16892
19124
18710
10888
8322
24391
5868
1543
23460
9839
11029
11225
16174
18106
11148
6276
2679
15005
11757
15276
13813
4535
9070
22803
15154
8445
17484
12058
13817
903
25268
10580
13283
25517
13234
14101
4437
16392
10311
24224
12281
5092
23363
15180
16222
3960
11969
13790
3448
11552
19812
14678
5436
3346
22796
20632
10365
16572
2129
20402
25698
12315
9705
22446
649
13569
21633
622
18057
16768
13307
15438
17481
6511
6216
25420
13811
11788
6798
19340
21034
12967
14944
13590
5318
1331
4165
9177
13370
19500
13626
4179
25026
25119
1251
17618
5562
21861
8041
19889
12126
24590
17187
15079
25414
23769
13375
21901
8419
25676
15947
9602
15268
15859
19722
12275
4507
3400
2725
6740
14781
13034
21009
21219
21560
7523
24797
14459
21538
22779
13128
13322
6746
9925
5715
6710
2047
9029
19851
18222
19965
14645
712
17418
2629
23391
440
23864
3077
2256
13915
8127
7383
8729
7414
18396
18636
20860
14954
24816
9644
11858
13594
16012
228
4598
8559
11277
10223
19859
9481
17604
16093
21127
8630
14205
17561
25400
11178
13629
20019
13118
11588
23711
8031
1335
13050
11821
19603
8350
6209
15347
5844
17286
19400
20726
13239
23844
5928
5677
12721
14677
16232
456
16875
22154
947
7146
11603
5577
7305
17673
19924
25338
6558
13017
15094
3489
12154
833
12677
15826
17412
7500
3356
2762
7780
11549
1937
11976
17850
23098
25626
21554
2907
716
15334
2172
6667
12778
6606
600
10037
16702
2881
17928
20169
12980
8753
13263
10456
12293
21878
17535
21313
11142
22701
9546
1526
5935
22805
17832
22176
20025
8519
18095
8380
15062
13127
15638
20817
16086
24257
11540
8209
5881
6086
19283
24977
2161
21960
10942
7534
4829
15483
19412
23654
12380
17023
22274
24711
4332
18930
8418
19664
14958
15052
197
9478
22810
3912
8188
25556
16845
23506
19436
22441
9786
2116
15847
24173
5745
24914
16282
23873
23771
25220
2025
9097
2364
14164
5018
9889
24883
22736
17556
15525
15751
18832
8533
4462
18316
9346
18612
14883
21894
250
3991
10924
15905
24474
7093
7731
7328
3243
17555
3926
17097
11574
21642
24493
6685
3903
17160
9561
15480
19200
14810
24805
3472
23725
129
18457
25172
6910
6307
22996
10336
6033
14175
997
15705
3433
2834
16996
6019
13780
8660
10724
5834
17659
1466
14316
16946
9058
9126
5938
24049
25290
4769
7372
315
9430
12978
18123
9969
22334
20016
18812
7272
12720
25276
16927
251
25484
19183
23292
19101
14160
7625
20625
2587
15995
24456
10762
15951
573
21067
2479
22225
3218
18049
24608
23230
12870
24724
20793
20660
283
20848
20268
18825
16547
1825
11846
11384
14438
11145
12621
12588
10164
8925
1681
16557
11435
15601
3432
24037
19735
21583
3027
20086
16286
12125
6168
14601
13410
7388
16884
9107
9733
5890
25049
11563
25422
11209
12328
18929
10183
17578
9826
14302
2140
10644
19849
17375
20616
17383
23001
23051
4004
9002
12168
3794
20159
13041
1288
22954
19569
5985
14233
3278
16771
13148
8187
1538
20367
3274
23418
10937
14300
8934
509
15666
24780
23630
20708
20291
5162
10466
13855
16867
10068
680
20345
22902
6228
849
24211
19262
18658
25108
8164
20144
5473
14975
18380
5431
15457
21457
15885
22531
6398
449
18679
18685
9034
15936
21618
19095
11084
18218
19593
12948
894
10513
22931
3061
17771
15942
6294
19363
2196
5341
4975
6833
6853
10372
13611
13423
4884
4825
13686
25203
14120
6506
13698
10531
12101
15132
6026
24499
6230
21992
13976
18416
9260
3870
7840
16075
17559
15279
21587
20929
1786
12117
22723
22037
24063
15569
14031
3788
12325
7830
4551
8940
22942
10919
16150
4989
20657
19648
16583
25635
1719
1100
14858
9453
11873
20212
6070
11102
14464
15345
9476
7141
21786
6698
15075
24760
24484
3593
12885
10173
24253
20861
6661
1557
11414
20685
2237
18509
24550
20176
11636
4329
3076
21766
23647
4854
1522
8697
3479
24605
15050
14945
15855
1920
7704
13439
3477
15064
13539
22924
22905
24906
16654
2528
20421
6819
19078
18711
17576
13377
15750
2983
23296
23300
25664
10602
4142
13448
22966
1592
17600
25360
14378
12288
9132
15403
24332
21085
17278
13802
8425
19021
6273
20853
22873
1434
1851
20985
9148
206
5916
2292
13100
14088
8970
7010
961
6914
12353
15534
20586
14928
11530
12346
13867
7488
22799
8699
9504
8567
9052
10449
20610
12345
21678
2504
523
455
17234
18603
14361
7052
19325
10981
5633
11562
10036
8640
14384
9613
18895
4180
2309
6200
6788
4748
7450
17550
695
6755
6931
17111
15840
623
10622
6784
6326
6658
2977
5177
4988
14720
7831
769
19085
15640
7993
24848
19152
5387
5285
20200
13621
7088
1234
3333
17079
19238
4431
3643
12457
23302
3310
12523
17441
8098
3844
5557
1785
23551
8012
10830
9523
19039
22587
17021
16862
4705
16486
10440
4745
11366
24800
20375
19070
17504
3753
18561
5632
20562
2870
7842
14661
24472
17913
10433
4617
11429
18892
10547
17157
2921
2792
10747
1771
10897
23264
8896
18887
14593
17603
8743
1732
13129
20170
14325
16775
1060
25383
14250
19155
22562
21564
17434
16466
6802
221
18554
3185
9638
8009
18841
19845
21301
8921
434
23076
23577
3286
1723
14279
14559
5080
6107
22532
21353
5487
22718
10463
2035
19554
18645
22964
13312
16163
3775
22278
15198
18789
4869
19693
16542
15970
12116
24738
17017
968
7325
12769
13936
17183
13319
20915
8306
6900
9102
279
2367
4230
17956
3543
17225
23555
663
11774
9621
18024
3239
13383
20697
21296
22979
22426
21691
16700
8413
11939
12069
2663
21926
20506
6204
11631
22059
3380
646
13657
13840
1511
22478
1188
15184
2506
5521
19002
343
24221
10006
11408
17759
8950
1064
23176
1459
14162
25293
3701
18319
22801
19773
8440
23260
17399
10737
9635
16061
8194
12062
108
14969
19552
9443
23842
12687
20499
6879
16425
2098
13401
11741
12348
20265
20854
8933
12832
1141
820
13013
3737
2452
22502
21463
10320
14312
10030
8117
19276
8032
6499
18644
5026
23355
10816
13074
15808
21597
21237
19214
1361
11652
23311
1351
7318
25125
5117
1363
1931
22289
17609
22303
878
23097
20077
16695
5006
15781
10523
21107
6872
3339
16400
5828
18842
9024
25524
8402
3512
11242
13055
16944
13864
1633
3929
19252
15253
13805
9596
12527
6719
1917
12367
23832
17999
6500
21507
8095
20698
10165
13489
9539
7766
19546
24168
9118
2513
10561
13391
22958
14887
1863
25073
12738
14364
9056
17739
3676
19059
13952
7977
18468
17903
23904
23126
23429
9239
22609
5599
8161
15231
11376
24715
18013
14767
9915
2094
2459
3901
5913
6909
21700
4474
24506
24694
21003
9563
14805
24561
16307
9409
20971
16209
15633
15645
6922
15515
20058
23703
23744
14471
18295
16028
16130
24445
19224
2634
18331
15930
7346
12468
730
17180
17270
15552
11252
15373
11425
1375
23128
89
10817
17496
17380
18238
17333
2734
14526
11060
1973
18192
25405
23503
24362
13254
2113
13404
17926
2517
3996
9875
8893
21024
17173
7046
23764
21747
16620
3123
9747
15792
23609
2893
12386
10244
8741
24589
11951
4747
18618
19415
7994
12036
18615
12110
20957
1311
18401
1720
1265
16145
11582
23325
22243
5280
1013
18445
15528
295
25091
19118
17377
10208
14676
23932
25560
23252
13814
25235
21771
22680
18285
13615
11304
6693
24903
11007
20972
22581
389
14582
11874
5846
11192
3468
23870
9508
20401
725
13007
14386
24950
14225
4760
17330
24718
19848
7008
18311
11972
18245
9286
23212
16549
11694
17482
11811
20267
11611
3640
9429
2660
23113
15027
19899
9981
11958
9763
13509
14366
6883
10570
23449
9978
9163
8066
14597
13469
308
17313
8334
19741
25147
3594
15924
24347
21045
20781
1159
3438
7763
17132
14111
24016
20214
14407
6431
21201
13889
3044
8894
22536
15849
19116
257
19186
15243
16246
18747
24930
20428
12441
9634
4002
8150
15071
6124
22519
20942
13068
13862
3025
2971
10385
17666
17625
13178
2259
16761
5826
16502
6725
18130
17947
3723
21221
4815
4742
14060
13860
22304
870
17414
590
2689
25687
15760
14451
14358
5676
19740
7608
22830
24471
817
10051
11993
1383
24441
19964
3544
531
12174
22104
20429
25140
11587
10509
19134
4652
17841
2909
1028
11420
7555
20005
376
20439
6652
9990
16833
5191
1342
13278
22204
6980
7477
4370
14272
10391
6560
14466
12890
7327
7118
24539
8448
7619
6622
11561
8273
13722
14258
1144
15269
21829
25105
8466
19617
17925
2081
3029
25393
14025
1517
5438
18250
4646
24415
22825
1464
18383
3450
6225
20414
8627
8658
17304
21479
21016
5971
20651
20786
21541
6522
20703
20801
1207
22200
9774
14374
25062
12823
25489
19591
510
1662
4401
23768
10220
19211
11580
4236
10058
12399
22806
7131
18038
1801
4536
8263
2124
21339
4702
24747
5852
6457
24121
18668
21905
18807
22140
14510
17112
601
5069
5441
17820
6955
8399
18882
25035
18745
17222
7954
14179
21358
9062
18809
12253
20129
24071
8543
23202
1284
6436
19894
19009
18354
22898
18753
17007
20244
15900
24092
17930
17940
17993
11867
2080
23209
8605
15784
22434
16419
25155
14051
24246
18395
16241
15122
9558
23498
9
24910
20674
18979
10623
14083
14430
10749
183
1803
1905
20328
12248
1909
11880
6451
10832
12584
7636
230
23683
14061
25068
12329
8528
20589
22354
18797
4548
977
15974
1376
3797
4295
22793
7668
390
2941
6091
1165
24829
21798
9675
17354
12714
15602
7655
10335
16451
9758
6935
2415
25041
17268
3038
4828
4672
21840
5403
10521
23392
23651
6239
12429
12897
17511
13077
1992
21750
19672
13323
24692
14634
20193
10543
8189
14252
971
23906
9156
6940
6417
1777
16199
945
431
24198
4175
6567
21008
10986
7159
22198
1544
10108
9184
1589
17527
23516
8994
22794
18121
25027
23175
15563
15538
12841
17291
16175
16903
7287
17644
20706
20745
3427
12337
7708
25208
21676
18336
10564
12004
20855
15318
10609
16895
6945
10421
21599
10727
23536
6708
13079
13035
22262
13973
6421
23384
3506
12109
12287
18855
24022
17301
8670
9240
11931
4203
21332
7239
13270
18556
11351
13217
11401
25715
11358
19640
21231
10294
12466
25081
4934
8942
10760
25286
2101
1231
13776
7222
18672
9124
4261
9640
11733
6031
8926
19369
24673
23853
21852
22634
25527
10751
6578
21754
20643
11765
9948
24893
4073
11727
2745
8693
25247
12694
8922
5559
439
1683
496
14084
15943
18476
17606
16293
21585
18870
10056
14161
5671
23358
19860
12006
10538
25249
12299
25690
15056
20847
19714
21308
9378
11150
8836
8254
4185
15440
15393
2023
17743
24925
16710
5709
3285
12961
20624
18029
5348
18840
19716
5218
8786
6603
7360
13765
7295
19422
16513
14360
13064
9932
18117
1369
22557
19594
7715
2323
8966
4816
22820
24511
7232
9736
18432
21472
21161
20694
4506
21795
4500
9036
5108
14808
9959
2470
9810
12901
421
4369
14314
13289
8203
15176
17469
5129
12376
684
16836
16730
5827
15625
13347
21947
23598
906
8277
4985
7083
18010
15170
24430
3413
3485
17134
12184
3480
15286
25303
19098
22393
4039
6592
17869
15511
8240
20580
13740
17199
10900
8623
20065
23632
21124
13949
16364
9231
19218
4328
18767
13454
261
13942
6663
19564
9306
3158
703
18448
13618
7106
21077
15036
2623
21293
10405
22768
25193
2099
885
2684
23541
6509
25317
1019
1922
22025
13843
17784
14572
14465
7347
3174
11085
20656
15218
25529
10266
15507
15559
12516
14440
17224
10364
9552
13631
8255
10362
11595
8180
18454
19293
18512
13477
11782
20866
785
17011
2033
14086
20887
210
175
6412
14764
4523
23050
17917
22640
18441
9661
13428
12747
11154
2478
14640
20389
3610
23142
2186
23603
22884
25546
17660
25326
17653
21743
3809
8137
3224
10954
10718
9249
7912
6639
10176
16007
17346
24042
17966
21137
9267
9414
21520
7419
11902
17901
15822
3405
3073
154
13321
25563
25087
3411
12568
23679
19393
14864
13944
10117
3054
13935
21020
6591
22939
25187
3906
25270
6939
23787
25658
15776
15519
12849
25194
11251
1108
13523
7696
20073
10693
18740
1533
4565
21323
17473
5096
24123
12753
11789
17478
3221
24338
25380
17927
6905
9317
25160
24058
15616
3071
1289
15072
10743
7155
21269
23860
20566
16531
20513
615
4862
10836
6087
8347
23709
3948
1667
16973
16794
4777
4818
19446
17429
21272
1007
5753
2358
7559
6302
2466
12585
24272
14090
19062
13044
15321
14452
1195
21528
4229
9713
22735
2334
21685
12931
7233
11418
22731
9278
24745
146
15682
21839
17754
1298
10196
9704
18104
5150
7219
155
4740
8494
10215
22284
2328
18225
7139
25070
2286
173
6097
19674
7622
1290
10666
16290
20917
22523
23923
12804
13408
11158
16420
18226
25597
8206
20987
16108
22800
1966
24666
18328
23285
18303
984
8683
25428
21189
2750
5385
24227
22505
7183
17861
13793
5822
22044
10772
3404
14861
24688
18157
15335
12854
8517
1918
19842
8292
2017
3678
1793
10867
12282
24980
19489
4158
6424
20504
23039
652
5302
15788
826
4689
7291
5479
247
9088
15169
8954
22763
5757
25165
24911
6875
5256
1847
5724
17994
18068
19526
13020
10699
14617
3162
8649
21392
213
25388
25615
2806
11771
9027
2515
19452
18728
10398
22913
11365
7435
6180
2928
21801
6807
1468
4471
5640
17327
13415
15875
19831
24700
7269
2475
16073
2608
8303
4706
3657
19088
18151
8577
3437
2849
5442
1536
328
23766
2593
8011
20920
5641
10206
24079
15372
9359
2822
17541
12644
12736
331
9475
8874
3508
21372
12015
2168
19485
4493
10669
23746
1652
2398
14448
3062
8449
24298
21260
16022
11712
11042
9536
18478
16922
19462
19379
937
19311
9035
11791
5413
21410
16408
9383
12707
14080
6374
2598
11994
3370
1309
177
8570
23422
8260
14422
18997
10759
8062
8860
9121
15142
5355
9253
14296
1868
15981
5153
11436
12856
20090
16123
25265
12157
3149
4603
10462
18916
15343
2731
4681
965
4270
22209
120
7552
11885
7466
3636
17655
75
19482
13149
6713
25541
23584
22706
23964
10645
4248
24417
3435
12669
3695
21115
5176
12453
12045
2616
14069
20028
20254
22758
21311
4509
3166
8972
8913
24563
2519
22584
12791
23199
12278
8727
24685
1618
2240
4372
13684
1411
21787
10495
474
9297
12646
23178
2787
14502
15700
9474
20555
11475
21186
18876
22600
25662
21914
444
19832
12476
11405
5130
13445
13494
23666
13812
5524
25301
13830
9360
16881
11370
9274
18537
8467
10978
8387
8564
10368
450
7898
14891
19768
2277
9615
8479
13849
14126
18392
9345
4177
10193
15263
149
14011
21761
15809
15592
10106
6587
632
9380
24545
17768
10134
5660
7240
5311
19990
9787
10708
4721
19984
6453
16084
11553
3632
21325
12228
23728
8586
17190
19702
17226
4245
594
3893
9916
12301
16598
12591
7689
25134
25236
8856
20732
20472
1791
11897
9647
7203
4263
6111
5457
14402
86
5874
13988
13951
22652
4568
19109
218
17096
18305
9716
10912
3769
5552
19870
12590
15504
22383
9677
9809
11052
11569
23436
7162
7459
9439
17989
23494
24939
16395
10169
433
9114
9266
22636
379
2905
19455
23544
4729
14548
17564
22761
11922
23995
20650
12712
24934
7138
15968
3464
3818
10102
22688
17324
9098
9980
13716
11663
15205
19332
16341
5574
21803
18052
19279
23678
1849
22301
6029
11459
18414
7156
20117
20295
13605
6135
21867
10438
420
21098
25536
5841
11303
20839
23456
7376
2719
24296
16752
4484
16770
2366
2404
13945
18269
13789
23593
19996
6259
21395
8673
18939
4168
23639
8447
18757
19373
17748
4572
14379
7359
2743
25423
3111
4654
20661
16952
15890
15749
5365
20015
1250
13126
15289
24479
20441
5959
22442
5522
15945
1773
6772
22558
23075
13643
25093
8122
2637
3164
17598
18680
25465
18849
5203
20113
4656
11444
18998
8175
12517
5674
18617
4713
19539
24951
16291
18402
14132
11363
10269
16171
5261
23272
9460
20057
17406
17443
10010
18415
24502
19278
7667
5788
3629
19143
16792
7289
10057
6193
25252
19906
17215
161
15734
25520
25024
24094
6396
11044
21399
18547
20366
24638
25274
12703
6352
10389
22784
12130
20966
19888
11555
25572
18593
24125
406
7640
20943
20591
11612
15514
20423
13220
17677
15166
18527
22205
3826
23341
9293
12201
296
17432
23560
22518
9569
8469
21177
14436
6036
25703
1555
23604
17001
5112
22574
6856
18506
23149
25285
8754
23359
10475
7495
23851
17105
14136
7257
10212
20408
25136
843
20387
1328
21038
3060
23751
24363
25267
19704
19689
12799
21212
19777
7303
16819
20457
16526
23976
23636
5202
12073
20754
11431
12018
11135
21996
1475
19575
1336
17616
12587
18650
24784
8642
18196
16535
10396
10141
6976
2811
4528
11516
25463
5474
14323
9777
20467
654
22655
19752
12202
6165
7621
20270
2980
17647
12969
8082
12756
9936
21082
6927
25454
15488
12556
18298
14042
18170
3796
2008
1857
5042
17736
3503
19405
11112
18103
21731
7050
8524
5082
11318
20986
2599
17086
12350
9183
23068
18227
24686
20240
16525
5439
17000
20017
11149
7808
413
12775
15338
21279
10700
2269
24878
24403
7772
10429
15844
13762
4349
19950
10690
22724
22650
15235
19806
18567
6527
4926
17766
15903
2091
1448
1949
16825
21356
15157
17491
11878
18631
16520
480
4893
24901
3639
15255
8871
20606
17162
18784
24541
19441
3631
5996
8738
3664
1047
19567
3196
7026
17075
22089
14222
16518
459
24264
16207
21113
6641
15499
11478
3588
5411
12198
14028
17615
3525
16697
12755
8797
9281
19559
1814
10474
22712
9898
10113
23406
24902
8089
23297
7703
16492
8810
15912
2872
4280
1151
24671
12619
19920
2257
16596
13940
25377
18115
4614
23330
12558
7951
20906
21573
11924
15264
10350
3760
9620
15290
7142
410
451
25647
13436
8875
991
1063
12532
16713
6676
20876
7064
21183
5297
13012
22338
20237
17378
24601
24379
5603
17751
24397
7144
3653
4015
20577
22628
1487
14092
7725
4820
21387
16177
20842
18670
11037
7191
1071
5209
9090
23317
14152
16047
15454
18712
21259
2804
20741
4667
24155
1418
13187
25641
17675
5312
19053
15694
22249
5861
11890
21998
6551
17082
17010
4522
25585
9505
24201
1945
21755
8432
23887
18805
14155
17746
593
10283
1999
16255
12744
4223
20791
16100
16256
22689
19910
19599
7829
12745
16121
24607
2778
14570
3860
4381
16135
23322
25732
13421
7002
1634
18022
8987
23064
20232
5205
13640
14543
7693
24319
624
11160
20637
1123
15306
18725
7530
15065
24028
18894
7688
14782
4091
24128
16742
18144
20840
6985
10088
924
2481
6065
3254
22146
11325
2830
2529
6644
14141
1263
23767
19597
24483
15953
1111
1904
17817
21171
21403
3139
16728
735
18239
16243
7646
9169
12083
6076
2702
17004
14773
2075
13609
22075
24194
14003
24341
9957
16368
21751
10770
90
23127
19980
15353
21578
8959
8136
14800
11347
22529
3236
4518
24440
25708
318
18221
13504
4097
12286
738
6895
3916
5233
17848
19637
7972
18771
801
8644
12464
15810
13457
13556
1823
22138
10305
6679
7133
14046
614
22892
6906
25207
17951
24708
5545
22413
21222
3748
24219
24119
16489
13005
22906
1499
6854
20157
19242
11337
16812
22203
4436
6686
14709
18834
1974
16886
13177
18074
24633
10681
25381
46
15590
7683
1698
9063
16567
18294
15518
16806
17819
900
7562
19421
19115
21558
923
747
17791
24987
21567
10911
24455
17117
6030
15428
14694
12725
3556
24904
9900
16187
17019
16325
8313
7926
6114
582
12735
18404
23251
22217
1995
1833
23631
14371
4581
15117
18932
21874
6069
8162
17758
2854
12719
7208
11173
21891
12637
3780
1332
13048
9749
19911
19948
8887
20683
19987
24007
22826
21644
22553
25135
16181
13761
13595
12420
21289
16483
8544
19230
21928
1350
9813
18503
10493
4600
2573
10582
21594
23697
19718
1990
15743
4580
18349
18409
12652
24380
5836
22401
3496
9853
10682
3586
6112
805
10182
7017
1609
18655
23926
16578
2993
19066
7876
16423
18719
12163
10430
21931
18819
11820
15706
13533
7049
13967
21456
5399
10621
11685
23692
23686
23279
15401
8163
13207
16824
3685
22355
6335
11544
14684
25473
21561
18240
7864
22422
12421
9834
507
6155
11224
12216
19179
139
3604
6544
19029
4371
11785
4558
6192
8458
2752
9845
10904
5695
10055
19798
19074
7743
1737
10704
5639
13480
14415
24229
11640
24988
18229
11990
19858
16272
974
11187
5068
8271
8196
21368
9812
7091
10312
16687
12308
8151
8285
12614
7460
5073
22928
18356
11441
4016
4636
2199
3039
17614
5682
1610
6859
6516
9391
10565
24365
18946
22150
3591
18951
6992
962
4537
16495
10659
15793
18766
1682
5429
1628
20749
4879
25097
22056
15780
15732
10896
14066
1158
16127
14303
4896
11783
13529
12896
2736
18652
17663
7043
20490
13466
4649
25060
15408
20704
21281
15717
11632
7937
12539
1637
9415
7307
7752
16112
5918
21881
3101
20823
9689
12894
16926
15450
19146
5766
2020
17290
17718
25500
14283
4430
22818
12487
12798
24326
13929
770
9095
14290
18214
2084
20247
7169
6321
17274
6011
12519
21226
1936
21424
14477
7728
18101
10571
16227
6861
21821
9054
12773
23828
18011
23754
220
20130
6416
14405
13409
5283
21205
10607
11119
2147
10853
229
11849
22999
19495
3018
22874
22845
19867
17827
11778
2000
15086
17402
23465
5618
5542
2195
23065
10781
5171
369
12873
1224
25528
6566
19291
15794
13846
15727
24463
6659
22670
18187
2667
25631
383
18086
24520
21329
2992
13995
11092
23215
18690
6836
22182
7042
1096
23420
20431
23265
10361
13348
17874
19127
17101
13986
18566
18974
19626
23170
23731
16532
2636
13361
3563
23336
3736
19878
7505
8665
1379
2954
10767
10944
9804
20940
11456
3313
13054
7809
20481
11629
12363
8597
12484
19169
17206
15676
21314
12834
19995
9335
4095
9287
4822
223
10190
6896
7098
21721
8096
18903
13941
9331
13660
12900
20760
287
2228
6012
21990
9243
4307
15127
18255
9142
19498
19628
4183
21192
24203
12683
25701
2187
18309
14550
2596
20008
19607
6184
25542
19993
24199
14044
21516
11488
12290
7659
20004
12731
22746
2883
24572
20123
22599
9531
20309
19761
948
11786
14246
6387
9662
23575
25564
12362
9937
21322
18083
9166
8327
16134
24803
6484
15288
13881
13704
7154
12424
21083
23836
2218
1079
13681
15026
19803
13368
9895
3515
18976
20442
24059
24580
9004
15891
21303
12460
18035
2703
25291
20223
18985
20372
484
22947
4487
6182
5860
8172
15971
6615
17193
12068
10877
18691
1425
17636
17916
10450
16133
10257
13623
12327
19852
16288
12594
12197
9573
18614
22669
10553
7909
24575
23210
19397
16465
23773
17015
21138
9039
20695
16787
16370
23723
2285
5077
5842
17493
21865
4881
20556
10158
11691
20329
24142
8183
1829
24450
24785
678
22273
17893
25169
15023
2879
2779
8328
5235
22538
8767
23192
3845
3439
4539
25243
11069
11752
22133
2002
11558
4057
24398
1142
23092
14602
13161
9567
4056
9869
15962
20601
17376
2402
7796
5613
9117
11699
22764
12401
20007
7057
17497
25667
17355
19012
24693
16450
794
2406
7215
1355
2588
588
24468
3651
11706
15327
2768
2708
23231
13711
21935
18125
18256
18621
22311
1150
9744
9524
20448
13832
858
15427
15482
5830
6389
10218
18369
22708
20498
12752
16545
24495
2261
3222
19695
3067
12988
10620
19106
25648
13694
12392
14845
18150
21987
5314
11971
22765
5708
5423
3709
23206
19277
19654
10866
16514
9396
1282
11083
552
2718
14472
10324
2714
22978
25028
1774
23776
6709
11926
20228
2203
12973
17061
24654
20365
16644
9761
10573
14547
3000
5035
14672
23187
24348
17574
15174
18794
17018
8905
22893
8751
9885
16831
11899
13112
17562
6278
18651
7213
9697
21340
628
22449
22671
2911
25612
1706
25364
10279
25596
20585
21851
14637
18780
21270
11863
6723
10805
9368
20569
17465
22423
21140
16322
17229
15834
3863
14400
503
23452
13205
16032
1850
2988
3456
11556
16352
15841
25573
1741
9559
12433
1179
1334
12369
16627
12358
9961
2351
24087
21188
19512
22247
19580
14867
7193
19733
12326
13670
23830
17971
3787
23305
15853
1601
17831
20011
16511
18090
15470
23258
21467
13954
3320
6946
2668
1283
12221
22392
8750
12691
15522
9171
24657
2370
13613
16615
22350
14919
6657
3921
8442
3202
7649
13033
9650
13861
7130
11319
22627
181
4831
580
20060
18831
9235
14122
22592
15955
13922
16319
20896
19769
25645
8006
8718
8351
13543
8304
21167
14506
17818
5048
16277
20179
8978
24768
8788
3751
7799
20779
9434
16188
8029
854
6804
10377
15426
12642
17853
8216
5377
9595
13106
2920
18904
12061
1504
4863
20701
17479
1408
23750
14589
24399
17466
757
21847
23145
18995
8499
18382
7815
19172
25029
12271
11942
23866
8048
22935
13465
5597
18988
24057
24437
9217
12986
1677
998
9642
7818
10316
24421
11984
2751
6207
12949
22160
20071
13047
11075
22223
16399
17847
9307
17145
595
4456
6845
10526
662
14507
259
11034
14187
15305
15588
6891
10225
11882
5585
24447
8156
13398
8090
13499
1427
17116
7311
1178
22903
3114
2299
10260
13231
18308
22374
16263
15225
1928
5289
23182
8229
21349
11275
24756
5885
4000
2966
12776
23947
17855
24271
8606
13677
19068
23329
19006
874
23114
20903
11710
4244
1783
19706
19721
6256
21215
20526
16688
23090
21965
23152
11770
6714
19282
12037
22409
18947
13983
23046
12586
19581
11345
23138
8604
19261
14397
17597
21631
6863
17997
2182
11125
16923
9530
15928
17891
21396
10096
17880
7441
15019
9375
4833
1152
4575
235
14561
21630
11199
19215
21373
3949
20392
7444
21719
18500
16002
11905
7212
21692
12316
