7431
5749
17488
10883
19119
12294
13258
9991
22462
2937
1419
10880
9037
19642
19166
3626
10642
25195
16485
16302
24663
3617
14049
5448
19411
18178
8294
3467
25327
1417
12693
21603
20405
25427
9686
20980
15105
15828
16458
8155
20296
16852
7935
1798
13914
14733
10293
19391
17963
9815
18955
20172
14113
16427
12078
1718
10251
2546
18817
15594
16257
10576
4418
24342
5518
6921
13659
24066
17168
2193
18472
10002
11845
14267
11284
7669
15545
17775
20236
25076
22337
3507
17118
12387
9823
11058
18815
3206
10401
5072
14429
14789
17851
5033
18583
10426
5350
25261
23583
24236
12954
1208
5863
21574
19515
11466
2889
14824
7940
12338
4542
22063
17351
20042
4092
24757
16491
3
3613
13585
21811
1010
2507
16933
7062
20301
15831
19501
9755
8476
7453
7576
18505
10617
3055
11927
4623
1168
14739
4089
23846
9680
15713
19820
12040
11043
16588
12697
21132
9149
3607
2284
54
551
5344
15096
9490
20979
1570
7736
2136
20552
16506
15730
3176
15813
5838
13564
7516
4916
16001
8654
2727
20399
18592
23800
21973
23439
8044
1742
10351
12944
6018
20981
17601
14712
24552
15693
19284
19223
21689
19504
19336
20598
4723
19358
1964
22843
14831
16898
9833
8410
22119
7103
6229
9835
16050
7845
8118
17391
8684
3351
13067
11659
2460
22580
22100
23477
18449
4085
23898
14124
22752
24377
8110
5021
8545
14585
12942
19827
16416
2493
13955
7803
15591
8459
591
13365
23736
13204
1603
24011
1982
10278
16788
14131
23266
22645
24667
6210
3850
16809
16308
18360
23183
2319
20231
24896
23213
4758
14813
5654
17072
14170
18076
110
4447
2633
2437
11784
16333
22854
11107
9134
19696
22890
18664
21611
262
15533
20859
20220
5533
21245
19269
6169
24169
8590
4894
13277
15104
23273
7443
11829
5549
21547
9844
21243
13934
18002
21684
4326
11891
19850
15210
6071
5120
15804
13199
21916
8964
982
10593
13772
23061
24999
18972
19946
1745
1110
10214
9625
3562
655
20764
13511
10968
17318
10297
25017
23032
17866
3745
21757
25053
4991
473
6924
22611
10785
4592
10934
17085
20955
556
4532
147
2683
17203
3268
15892
3426
22255
14167
18856
17308
10095
7467
2348
1623
13251
14778
19660
5759
13228
17824
10941
7737
17047
13829
17983
17549
19063
13528
12850
8863
2685
20272
9651
19953
8888
24807
13781
8111
17977
24108
11822
20784
811
19486
290
3315
24432
10958
8345
661
875
12408
10926
19213
3895
9950
1808
6987
21407
15566
19869
1838
4845
9032
13249
4208
23010
8657
1431
22948
23617
22412
7734
4113
10344
1308
7048
4382
24115
18746
7262
17798
15882
2476
7620
21104
9863
7438
25109
19123
12898
23902
11423
21261
18654
7647
14657
10049
7923
21446
11728
20357
15053
1067
25472
19789
5787
8885
2177
13746
23109
25008
5393
12657
13979
6858
13475
16759
15141
932
9022
7313
7852
20476
22064
12617
13782
12835
5804
3569
10893
2535
17331
1916
15610
3280
19954
17480
7773
11039
21172
19988
25074
15128
14041
10692
8648
21592
4264
25321
17678
25255
16950
20692
9682
9659
16720
9858
10549
17063
1214
4415
8629
24577
20613
20952
18272
12133
13193
19045
24273
10499
6594
7373
13880
13442
24012
17761
2375
23150
1442
14599
5983
7380
19026
25044
17978
24205
7334
13882
16052
18594
12146
5858
10492
8512
18195
14815
3602
20149
19090
9432
23672
214
22390
12663
5920
18496
4040
20143
11271
25092
18045
23562
25182
11589
11827
1846
8881
10280
21907
14264
16891
20257
15386
4082
19138
15680
4996
8631
840
2829
21333
23504
11474
7066
3033
18293
3130
20822
9799
8233
24206
19426
4877
7630
16203
25110
9170
14539
756
12733
9016
10818
6296
20215
20349
14785
21548
24189
20991
1247
13545
17468
14998
10491
24393
19435
1497
7964
4407
4851
20165
6134
17898
9398
1055
11645
10517
13443
15465
21976
15330
25462
13693
14967
3573
23920
22789
8091
6691
10879
10015
2850
15143
3868
5296
1403
19180
1991
21099
4024
5219
4062
10773
23823
10112
4856
5614
362
22280
14708
7275
15521
5810
25450
14500
14888
19543
10468
16539
10655
8250
3354
486
4909
20551
3854
21475
10210
13164
7357
19181
24512
5668
11156
15121
9611
2874
3214
13296
1942
15896
15369
6173
22417
25037
15307
1676
13194
1819
7814
12374
7515
17039
16628
7624
10653
14387
19392
7848
21148
24116
608
18694
25719
23057
10725
6372
1892
10358
21707
2092
16585
23886
12123
21176
9419
18924
15124
12508
21357
9636
18837
4423
20080
21203
23141
6514
17361
4064
11865
17728
8074
9241
2130
9400
12347
14342
23910
23315
24576
18374
23373
10982
21345
24931
18851
24891
17164
8715
8582
18042
10702
11212
14483
25547
11923
2548
17794
13266
21946
15418
1230
18287
18602
17587
3732
23998
6399
8583
9920
8609
6282
12957
726
9028
7511
153
6609
20527
9180
22781
9448
21292
17025
16829
15326
6442
547
671
24730
11234
6043
12583
12542
10806
1438
9224
19227
14207
16640
21886
10971
4136
12497
9471
19656
24097
21391
19929
6078
24553
8589
8824
24507
8503
25122
20239
16365
4897
9660
20161
6148
14433
5794
4871
14679
23454
24890
6515
24184
13824
14412
15795
22050
16347
10909
3306
4595
5298
13550
19022
18549
10064
2354
4504
13122
3557
1815
20279
8141
6187
5253
23173
2264
20620
17108
13119
20663
7225
11340
10651
7224
799
18247
6438
25001
24517
3501
6488
24454
9883
25438
17084
14698
9982
16128
13747
5110
1901
22363
9692
1099
25148
10263
11641
17533
4311
19367
637
4205
17753
10460
2681
18984
4178
5963
11965
12528
24369
6959
12074
10529
6616
22547
12631
15629
20771
13170
5143
15031
17557
7326
20730
16649
17437
6731
6336
10101
7554
11573
20184
10436
14912
24275
15695
16494
14999
12310
2805
14959
19364
8148
25
14662
23155
15135
8314
23831
6789
4929
24367
11536
5661
10349
15832
21655
1229
18307
586
18202
4201
9301
8807
23118
23946
666
6604
2579
1398
17213
3757
2115
22564
3821
17935
18248
12203
23059
22361
14927
14489
5707
24617
12688
5748
6139
9788
5329
7781
15025
21553
11208
5556
2214
7512
13183
24231
1788
3250
6738
6829
12579
12488
19829
5651
7916
3699
23201
20590
7610
2339
9872
8126
19582
24932
5505
16722
786
16350
8121
9357
7188
23841
24703
9790
12766
12279
24870
18574
16965
19919
10237
18706
3281
19457
19677
20285
23623
5221
718
17102
11298
2769
11232
23806
4945
19598
5016
15699
8957
11779
23822
4174
14834
8429
1858
16412
14232
19471
25639
25129
16571
23062
16206
6423
19395
3943
804
21627
12953
8847
20344
5946
11866
10232
1520
10142
1286
10001
9793
23033
10226
20676
2210
22834
10686
2171
10009
21834
22256
18790
12821
25138
14128
7457
10717
6247
6288
15880
21452
9831
16993
841
19505
21758
14054
21362
25716
7627
12268
1199
9164
2294
25444
24595
15400
14497
13815
23484
24696
23289
5895
16974
10317
18376
20324
5212
1292
7322
4144
23856
7245
20688
10408
11073
15078
2128
393
12096
4923
6770
5560
9746
10072
15990
22610
15346
21793
2742
20644
2756
7489
13645
18407
5728
8424
13222
19107
2068
4830
17589
8486
11535
12596
10328
18671
22477
12234
18877
18755
6258
1813
30
24374
409
15149
20292
12076
18060
20516
3072
15442
11274
17177
4194
20511
9756
6823
15380
14573
10536
6542
14619
23530
22014
6680
1654
13795
14071
11360
3409
258
12449
14774
1944
2234
6158
22227
18961
20836
12365
3006
7573
15374
17411
23313
24105
17150
2509
14750
21617
21421
17706
9009
13287
3650
19813
22079
25106
19937
19381
22475
7984
3431
13212
12434
8779
19513
5663
6392
11375
490
19355
6777
14544
17471
15214
21129
7776
2867
20607
5188
13279
25114
5040
15654
23198
11477
17130
12445
16280
4169
5870
5038
14988
189
2224
17163
16910
8748
16327
15355
171
8192
5596
6555
11633
2088
12965
317
15473
24304
16670
11928
17329
7747
6579
1026
17664
16880
12019
22208
25409
16471
10684
1181
22173
14437
11215
23620
1353
12001
17189
15123
15252
9332
20795
12479
4728
20116
20520
16868
6564
5507
1736
25005
10711
23435
12159
8755
9195
12129
9766
8710
19477
19818
12882
2207
25116
7681
7464
7686
2673
22377
5036
4428
6944
11430
6020
1512
16460
5206
10059
25425
7820
19900
8158
696
10916
25090
4465
20093
12111
7685
22522
358
14873
12858
6051
18808
20977
13665
7560
18322
19260
8269
3328
5981
22714
16646
8434
698
24898
10906
25595
14852
24514
23665
19353
11620
10716
15516
13799
9850
24489
11798
20278
19837
23879
14747
7556
10783
17662
17438
477
23778
17720
3308
24933
22744
18452
3282
3289
13838
22579
205
10464
25137
15368
5440
12224
14741
15095
12908
867
1137
21563
1862
12748
2516
20931
3104
21133
16410
19764
22977
14985
23007
13809
3571
4426
16382
23430
6473
6264
15432
7968
24020
10079
14618
3302
15234
7181
17495
1352
22168
2796
2618
15317
20778
17076
23531
25558
20434
4757
17042
3201
2749
5901
18814
2929
16581
8859
17722
4031
12881
15619
14139
5563
1260
21335
13675
23496
15461
11109
20907
452
16445
2326
9294
17767
5123
17243
5738
1345
18327
21823
9929
15359
14807
5501
7784
10827
7506
7907
7256
1726
14339
11134
17705
13437
5615
500
13910
11960
1274
12960
12151
24107
14085
14965
21912
24278
24626
630
10154
10209
18497
23250
25307
25726
9585
12458
11836
25416
6084
4211
9905
25630
24596
6584
10145
22316
16106
6936
25592
4641
11080
8320
22866
18276
1462
3474
4834
16837
10950
9762
5459
2397
1885
11437
2198
21619
17124
16668
17957
14797
2798
10248
15241
5793
14557
6967
2230
19727
14902
14838
18589
6926
6495
11565
19923
5537
3122
6459
20872
16652
23475
11787
22618
1837
8295
1855
13182
20403
12506
7834
17142
24526
11031
5135
16480
23733
3326
7637
20654
1172
9886
17095
10180
1359
22841
25486
1186
20261
9941
9550
2930
207
21679
7055
8735
5
1528
14792
6524
16149
915
6371
4166
24923
13678
21196
17014
18241
8030
13638
1756
16268
7661
1957
6760
22637
13668
7281
2659
22490
12418
1498
8420
21970
12023
4013
6518
16928
7137
1322
17033
16429
11194
15114
24665
16025
3814
8368
2602
11799
3633
18659
16935
5685
3883
10333
24556
24287
21242
3841
18862
8045
8475
24395
6154
16968
20728
11489
1503
19243
5226
23219
22745
6354
8358
3665
14230
10914
14119
8812
18122
263
14095
22962
3324
10423
23180
1694
605
846
2320
19164
11686
15120
4386
19592
127
11725
8968
4069
24359
24405
22945
22290
14020
18284
11141
4011
9592
23158
15664
1697
17348
23006
25198
3995
10123
2205
14670
16982
7571
22501
6261
20409
14376
6287
15869
24955
11353
25258
2384
10489
12351
13839
19087
14647
11067
14365
3374
10594
20468
1826
9630
940
13394
8389
21151
21492
18153
1084
18044
1913
17716
12237
7966
13871
3548
25398
11381
12537
24622
19158
11362
22497
4021
24252
17579
3259
2477
7434
1445
8484
25696
912
13975
22498
13286
7333
8960
19449
6289
24975
7135
8477
1039
23269
14281
1264
15646
14614
16690
22048
11954
21695
15199
5907
14310
11875
12313
8217
14765
2463
2287
9247
16212
23622
1757
6562
5871
15244
5624
18301
22858
15447
22595
701
9228
16830
17390
9678
13796
18744
21921
21724
25511
2349
15573
22232
12394
21428
19824
12507
16967
23913
22944
3497
8827
11856
4569
8920
21779
24569
4182
24358
6867
20581
19750
25016
13524
2957
23963
23670
19187
2050
931
2063
13699
131
3398
17169
508
15063
23907
22076
19621
23965
17066
14957
11390
18028
9055
1102
2302
25577
2268
7764
17627
10369
24127
11678
24161
1740
8007
6630
21041
9987
23574
19120
13818
5598
24067
587
23871
1735
4276
4391
5730
8975
24928
24074
13558
21004
5061
5335
22940
9407
2108
8422
10860
20956
8757
6157
8243
8639
14962
22110
10774
14715
12879
6941
22824
23044
16311
3046
103
3647
7974
1489
4086
2757
12983
6498
436
692
2858
14363
23047
12598
23042
24412
21135
20570
21343
17524
5480
4422
20954
23818
9367
2057
3182
13382
20909
12361
19982
25347
23657
10376
15861
22341
13696
17036
18384
12065
9665
14331
24048
4210
25066
5747
21211
18860
21705
18571
754
24612
19528
17232
67
10063
22153
16115
6811
1525
19537
17697
741
20032
22387
13137
14563
7713
11068
25561
22503
5582
20326
2052
132
7107
13315
17573
4557
18953
22007
13131
9840
9007
24336
10688
16546
5050
3702
11661
19203
8051
13065
15085
4336
24947
13527
24240
4974
4163
3580
2644
21788
16107
12867
653
11146
4067
12371
7746
8877
1202
3764
16162
21012
18291
8651
1586
17153
137
20662
8177
3976
4438
676
25242
24251
11462
17509
11792
13051
2272
17933
12153
14596
4778
4384
13004
12851
17384
8726
24922
9041
17969
16080
2978
10288
7849
18484
22742
5078
13032
9670
14307
2580
9273
23397
7638
19396
17632
9555
18508
3047
3803
22855
7873
291
3184
4065
22447
7324
14244
24767
10933
22487
24668
12629
8455
14309
13972
10077
13648
16266
18016
13434
20707
17279
15753
1035
10843
4035
23228
22427
20395
18036
15351
15689
20274
2923
21636
6108
12640
14955
24073
20994
22859
1727
22716
20479
2373
25363
10802
16464
21213
12992
10811
7158
9690
299
16856
24655
430
24794
10533
24582
7999
812
4653
20276
7056
2061
1153
15650
4788
10964
24265
21483
15415
5368
20918
8919
21154
15423
17937
2898
13577
24226
781
16233
10675
13334
4513
10550
5970
22542
1042
12072
12349
12332
19274
4103
18588
19771
10198
3896
17158
4838
14863
15097
20900
24681
5229
17198
2019
21759
13966
14653
20289
18037
12604
4060
17531
381
25128
216
21174
1239
23137
13256
9803
6308
13360
15565
15106
6575
15126
22933
13285
16438
14893
6116
22838
13854
10555
15497
12566
8043
14788
11716
22975
23528
557
19339
18046
11193
18558
3192
25603
152
18782
19320
5142
10902
18085
1935
2574
19551
12395
20425
18161
17859
4353
3301
859
3287
21121
15150
9847
34
4789
2645
1804
166
5713
16611
21080
5074
2022
5246
17280
8930
5761
6870
25131
21007
10302
14522
22649
9851
24945
3735
876
22755
2564
18857
23640
14317
19314
8361
17241
4850
11334
19895
14609
23726
3899
18007
1895
23434
9283
8112
15956
16393
23708
1478
9899
19345
13145
1092
25050
10048
18716
1173
14149
12520
4302
10619
11126
22756
7807
3052
24831
4687
3365
17009
23872
12918
14695
14381
12254
4486
5353
11231
11451
7473
1713
2296
7744
4895
1925
3611
11669
943
16033
20189
17763
18207
1480
1900
1122
8335
2467
23259
18156
14043
23722
3283
23705
2236
3191
9521
17731
6588
14633
22234
8198
22349
18337
6448
5862
8185
13506
4963
18888
18483
9296
13737
3248
18835
12276
17765
11176
11183
18550
3549
21712
9821
4047
11907
17210
15540
5133
4749
17844
13432
22837
10496
14393
17287
6786
647
6324
16691
5605
6201
10948
20995
15631
18792
613
19440
13086
98
335
23644
14005
23507
2245
14301
8789
14023
19253
15147
22265
621
9077
1856
4187
22526
8105
8990
8492
19459
17371
13176
8529
8253
5999
9500
15899
7244
8929
20374
22556
14516
10065
21765
18088
1356
17367
1244
24731
2085
3293
10441
5750
17713
18813
689
8461
17582
5469
15271
25467
24996
24997
6885
19787
21628
20826
6325
10219
1644
16074
14804
13725
9556
24129
23464
1968
20133
13484
18433
22298
21348
10936
14916
15895
10953
18313
9080
11812
23085
4980
9479
2338
11076
13464
9194
14401
23049
23123
3786
22132
1954
9533
1615
9880
15658
13580
5569
10921
9450
2895
2711
21784
18474
4555
9262
17352
18756
3138
6159
10635
21859
18165
4733
20712
24683
16593
7722
20680
12186
17065
18058
23889
16936
4840
15561
9350
4533
6305
787
11763
7102
1160
6283
1014
1688
360
13654
25341
21580
20945
4127
17119
17510
22729
5306
10790
25721
2981
20871
1764
7590
18908
16800
17113
6771
22868
1440
16056
24537
1810
719
19584
21363
6023
12565
21703
13310
21953
8698
11387
4267
138
14642
25367
16066
17192
12905
12382
18451
14541
21478
23834
16855
5917
476
4406
18646
2330
23867
7377
6553
4260
16665
6384
6501
6844
23542
9229
14865
17012
24337
14186
17780
18551
21337
15339
18158
16469
21236
20768
9878
861
16331
16088
21451
10994
16643
4519
22941
24406
1052
3264
5234
15385
7594
17840
17285
92
2109
2200
13372
12305
13754
19683
18962
10859
20333
3703
15315
18235
11482
19535
13335
15194
14142
18520
21047
16320
1302
14467
18630
3010
24558
8592
12924
2678
723
21690
17239
15874
10516
10595
5630
11182
760
15443
6238
20089
19156
25349
16336
23159
4712
24754
7099
9739
25039
25009
14289
6570
14754
363
7101
17283
755
7019
837
19608
1510
18321
14866
4658
22077
16673
9201
13056
10810
10431
9369
9949
22131
12655
11288
14937
0
1521
3393
18553
6781
4324
8450
17303
1049
14668
15731
4931
7353
3581
18872
12179
4373
1330
3852
16015
7058
17740
11372
17568
15513
22659
25185
7111
246
2030
18625
7946
19762
2847
6549
31
2680
14920
16873
8388
2892
3933
4232
22107
16484
24349
13422
7779
25555
21304
22253
16995
21493
14949
20319
18848
7918
21497
8691
3768
18213
14650
16414
3172
345
975
18514
19479
11078
6634
20944
16577
13071
5754
18391
14939
15604
6920
13039
21701
6345
7644
25289
633
13460
1775
2696
21964
4251
2039
16202
9334
8230
4114
16666
3992
9422
21544
18914
23997
16734
16992
21015
10995
16725
14221
13516
21994
10826
14074
12932
4396
17610
22297
7877
18263
2073
9010
24782
22167
23344
4674
57
23486
11070
15803
25244
21374
16276
14659
22308
17325
22239
20363
3330
1889
18889
12510
22445
10394
19726
14116
7408
5638
23933
20321
5769
17462
2034
20336
16782
16980
15181
25058
20459
14168
14403
16234
3533
14761
2908
13337
2704
11352
3969
23664
16434
10050
9708
2343
25534
1513
16477
2422
24174
22403
12147
16969
11503
7733
12090
10839
1989
14652
11235
10691
22974
5578
7470
23189
7577
20012
11115
24187
9632
1866
14284
6317
2281
16221
20110
5369
3024
6869
3429
19173
2767
9648
2265
8169
9480
14399
6188
8804
19228
10273
17741
4631
5134
15585
11179
4322
18361
5977
25061
136
17398
19602
6235
996
21938
4143
20317
19799
7563
18560
24758
3847
20993
13154
25211
3681
23937
21312
4902
22766
23896
2143
17446
1532
2175
6403
9436
8704
14970
21025
6367
18100
19192
2216
25699
7238
20886
232
3069
5472
9152
5272
23749
76
237
11228
11525
11377
13355
14611
3849
6633
4288
23811
1217
19601
12021
7714
22887
23480
20039
17115
24682
17312
17537
17337
22970
14434
22604
12463
4959
3136
18326
7497
15340
4137
24873
19298
1631
2760
8463
18423
20256
3151
12648
23286
17126
7631
11015
3834
4520
6585
2170
957
15618
6998
24195
17897
15239
13939
555
21487
4231
22821
14885
6990
8667
20424
20162
435
620
7676
9465
17738
24290
13202
15921
4841
15101
14918
21414
1461
20037
23706
25426
4864
15453
3542
20614
22590
3161
19862
22552
12993
21159
12739
14612
9017
5434
16561
24969
22268
19542
5316
9913
11604
21572
9072
23797
14024
23398
14398
23067
17449
7991
17385
18927
17442
616
816
16726
14690
9753
1228
14579
117
21105
18163
22339
2560
1477
11673
7719
24383
15678
20477
141
13521
16498
12002
21856
24795
15505
7423
8128
21230
12653
4029
19547
9958
23218
5455
22594
10479
9588
21889
22515
20281
23071
22555
13570
18493
14982
13250
10643
12723
11934
333
13099
2557
25067
19863
4408
20139
24178
5236
14513
17588
418
20739
4220
19084
4668
6428
22394
15195
478
8472
17996
2610
23786
24812
6304
8598
2262
2903
15983
16238
23952
14082
21390
14956
19099
20203
9691
12673
20722
165
9405
19359
4181
23
516
3876
21876
4119
2621
17567
9671
13472
12331
16125
23402
6121
12689
303
20804
2945
23459
21284
20142
13627
24998
6688
19413
3973
2342
19521
5239
17931
10966
13962
13117
11016
1082
8834
21802
18050
6219
9420
4433
17094
6881
9498
15270
14758
16138
18899
24313
23637
22276
18134
2150
19962
19843
12605
14817
7294
6127
24958
15441
23663
22623
22395
2764
12513
9309
5257
1405
19715
3621
11301
1684
506
4553
24579
16479
1734
535
10045
2141
256
9075
10735
412
21672
22790
19707
625
9652
16556
21290
19225
20316
15258
17
15246
13123
7337
24656
1155
17620
25644
13907
21581
16330
11399
21103
9081
5803
7665
10917
2639
10041
7615
11559
17529
1279
6337
1032
8061
22370
16799
9210
10591
21453
21454
6913
99
23223
14498
1678
25611
4874
16110
4411
11088
16353
13273
22626
22528
7527
22295
19493
15001
13339
5139
1130
2508
21562
12779
7030
10227
7690
25391
8653
18128
24647
3874
24487
24530
16038
20298
2967
9873
14016
12633
16872
15595
9710
19094
6613
5333
18572
12860
22949
19652
8506
21439
13209
25294
22753
4951
16671
16274
12758
9236
4773
21013
5498
2780
467
13788
22277
3453
24316
17152
9935
10741
3592
9003
15987
16267
24274
9701
5049
17802
16237
15919
23093
18624
9013
10903
22359
342
4154
22674
22639
5802
549
5273
9146
21697
24850
11761
19023
14523
24018
15851
12226
10857
15526
19952
25474
6801
15394
5313
10442
2321
16748
4925
12742
8515
17255
1135
23659
13985
1664
9141
460
4045
18124
1604
23742
5100
21509
4076
19930
15070
25368
19102
526
25256
11426
23677
15059
1174
13458
17792
10987
10028
10019
12461
21367
5825
2590
12478
13732
19305
4936
22112
14311
15862
21365
17936
8805
16385
5499
12177
21917
4811
11903
12716
5331
1722
7938
22407
1755
15546
501
1176
3227
3517
16756
2864
14278
21210
23476
12793
15282
1546
18003
5351
12318
14974
401
17594
2006
12485
4218
4885
13877
10957
4650
4380
4275
20061
8232
187
20417
15630
11740
13650
20100
24875
15164
2078
21469
15494
25655
24497
8247
1304
8433
25543
2674
19743
15471
2774
22057
11486
15396
12403
2878
3800
22358
5943
19977
24158
5835
1886
5960
5982
21071
22593
4414
22507
15811
2192
2726
22099
19025
7456
3950
3815
914
4680
7223
24103
13666
24690
22894
12431
7354
7299
836
7124
16101
21464
2532
1541
25275
797
3208
11373
18734
8114
19484
22788
21179
24735
8495
24140
4694
13139
15433
10412
24788
777
12602
3492
6623
5155
20594
13584
21468
12196
16658
2474
23003
16645
2340
22486
4530
21740
4151
19711
1506
113
7364
19490
22750
4819
23326
25374
7706
16503
3513
3017
22672
4576
9295
21030
8289
7332
14288
8405
7880
21364
208
23715
492
3778
16103
8522
22479
12262
12251
16024
1656
1212
10799
11687
17760
9520
12026
23880
4421
23342
19994
14411
15637
2737
1552
11523
4191
6425
21170
19037
7398
2604
25681
23695
14282
22481
24634
1395
3833
5301
11244
13735
24104
15524
2970
20530
17702
1840
17595
8818
14248
9720
22429
11850
18531
18220
3911
23237
16417
5258
11800
10828
19729
1249
9901
2226
12549
4586
4812
7960
4709
23538
7738
16984
4577
9264
12400
16140
24234
1710
9131
18188
15871
329
5138
6917
23084
24716
18266
8546
3153
7598
17581
11233
24877
20965
22224
8906
5148
18378
13744
15733
24276
4018
21974
2483
18466
16893
4038
23737
17166
10641
4578
1898
1524
5163
12378
9551
12112
25440
6773
22113
9877
4081
11521
23740
14724
24734
11259
23040
13766
808
9795
17123
2246
1307
4750
3284
1421
8740
5967
2793
768
7168
11869
15490
2298
6785
3090
1164
25549
17068
15600
17883
8540
7872
19226
20433
24992
8159
3552
12385
18686
2111
8325
18933
3843
24090
5905
22566
784
7237
23674
16925
21951
23350
17069
2982
11394
8762
4321
11665
14482
10272
21785
11933
19372
3352
19970
18879
515
694
21626
10022
25079
13715
1128
19549
2979
8312
19968
13663
3343
340
23185
5059
21827
16068
1162
15675
21995
20393
12029
9001
23916
2145
10726
7716
717
8955
2505
20438
4359
14004
7520
11136
19058
1923
17907
10855
25056
14556
14803
2411
1870
8799
15931
10910
682
3298
2135
9020
7355
15746
13999
3824
3233
13710
12075
1296
18253
9643
21408
17457
10512
3713
3978
20079
18043
4915
9624
21950
21079
14048
4942
25669
3555
6314
13189
4206
17238
12317
21049
7522
14620
14903
11886
15395
771
19958
13367
6557
7934
10480
23707
6715
11790
16960
2305
3531
1059
1458
8825
9068
22465
22381
22335
6636
12181
9298
7992
18785
11506
20074
17005
10393
1474
17804
11297
20206
5763
8414
511
9745
641
8794
24689
16764
12945
24851
2694
7874
8669
4613
12230
12826
386
24866
4662
11467
9860
14514
5477
11646
4195
5136
4858
15718
1138
19949
17821
1721
11670
25157
2795
7720
6696
16931
193
10892
4337
13441
23443
5513
11307
25515
7452
2913
3036
19174
17965
22749
15296
14418
16373
6309
20027
20252
23794
15498
17762
15022
3892
13822
50
24845
6046
22798
14877
15537
19514
20049
13620
23276
7161
8909
1285
2552
14445
25559
6763
25575
16217
13218
12480
8208
9135
19104
11541
8662
19133
4628
12611
10427
1960
3897
20912
10424
11493
16463
18442
17170
20486
6052
15791
428
3461
3790
18893
8679
24392
11302
22123
16614
7227
22668
9162
18886
3329
15854
22976
20009
11396
9270
8747
5414
14851
1907
3774
10416
23244
8441
15464
5672
19463
14832
4754
8880
23840
6957
5056
20288
23543
17357
21657
2049
21233
21361
2183
14349
25238
10128
19623
18925
9960
9094
18205
13900
12054
24295
11893
9209
15248
11357
1588
17110
14983
10403
8520
7810
14714
8591
5500
992
19188
8190
11074
21844
347
19509
25487
4003
20777
25413
670
25297
20673
14408
13928
4952
20491
25625
22310
18280
10973
10524
6988
10939
13917
518
14908
7623
25205
6933
7086
8415
16062
411
18978
13
12814
789
25470
25404
22327
15889
19932
19822
8135
2990
5054
1221
11465
23018
9541
21109
18093
5483
11021
24131
10420
13165
9387
8317
3875
8498
10820
2500
16120
8027
17405
1209
4832
15000
12355
24574
18105
15342
4124
11656
18329
626
23416
5837
22598
2447
5282
3180
14795
5722
8056
19975
14166
8119
4725
18833
19234
6117
21602
22151
2773
17889
8621
24613
13786
2313
15042
23519
25491
25342
7762
23854
21181
23681
729
1367
19997
3877
7258
11122
3229
7163
15503
13572
1888
12389
22667
23549
13125
12252
18297
7485
15375
23911
3583
7132
12207
23234
22780
22904
11915
12666
20573
18965
21522
7097
21983
15107
8769
9078
19437
16403
6899
14172
13412
21565
15459
20263
9657
13537
19408
9866
12845
23172
10922
13587
5401
179
2744
21286
23993
18713
3534
13707
22351
16147
16553
5702
9197
3795
24658
24006
7274
10782
8087
5392
5740
19853
11983
11688
4198
25538
4357
14070
13452
5800
13037
12512
22009
24796
22004
2315
9775
4930
18584
25104
24424
7509
14594
8636
10380
10259
25568
7077
15136
11464
9527
24101
15356
22405
19377
1924
8688
4495
9922
8381
15487
23002
18585
24719
10003
349
6358
22535
23232
49
6674
21086
18073
10373
23186
10596
16929
8076
11395
23850
23608
17310
9707
13268
5721
18400
3004
21718
16303
17242
2791
8073
15579
16210
8956
19560
16972
798
6332
14198
11762
38
16641
16442
4312
25613
364
9535
10629
12925
6541
3528
14546
21799
9964
13806
23351
15310
2936
6150
25324
7605
1313
6631
25600
20013
17155
16200
15431
4821
24505
6316
12827
1270
5300
4866
946
19302
3312
21017
18622
20767
21178
13210
22662
20040
14987
2919
8204
11137
17445
699
19061
8362
2614
4715
17939
18236
24853
21687
1751
7202
12283
23370
150
20213
22319
4907
3568
22899
14859
18540
13455
6395
21791
3412
3125
19035
14470
16114
16715
9290
3904
12560
13625
20020
24973
2127
10863
1072
13420
20884
23485
17245
3987
10500
7508
17410
17839
4457
13679
14462
15707
13121
5495
16899
4809
23066
4918
23557
20687
10
25443
3272
5782
3655
19944
25010
23941
18267
4762
24039
15387
10874
4451
17197
15074
17307
19808
21331
13259
22861
24818
6902
12577
11743
20026
24846
18110
19008
2263
12917
10340
8756
23765
18661
1787
21190
16363
24897
1789
9917
8010
11545
23546
305
22741
21584
14217
10435
4323
18261
4776
17148
19317
13828
11432
21438
17833
16948
5734
8446
11534
13227
24855
14040
2800
19488
1548
52
5169
24543
21247
22624
8587
8619
14665
9454
23930
9461
8671
3084
11957
9506
17294
23894
16536
2355
16551
447
8792
25361
21985
17649
8022
3652
7805
19518
18488
14713
15057
25640
21197
23975
182
7073
21880
4313
1523
23653
19281
18643
15772
23982
17395
6047
14098
10824
17623
9953
10399
6882
22847
19763
15434
24503
10548
21305
10472
5352
22968
2164
10636
18919
10490
9258
6185
11935
465
5041
2833
8268
22281
12855
4546
14047
24513
11542
21975
12792
9712
15217
7427
22263
7875
19939
13906
1364
2902
24653
18403
7557
396
20465
6098
25602
16077
3251
9703
1594
13779
9676
4756
14367
23111
16152
25250
12772
14450
12915
4868
16371
14874
814
17657
23581
10174
4744
21048
21569
14362
6061
8221
25246
25410
11947
15221
2211
23089
13574
11406
19703
6093
9337
11447
4146
22331
6056
19583
24886
8071
1166
17864
19385
21194
14871
15748
16793
24191
1196
24915
5801
11014
5309
17048
18773
25365
13901
1502
21853
11063
24266
11941
7012
301
12557
21011
9218
25679
6573
13505
443
23100
25629
550
18900
16622
18191
8759
4793
3249
23569
24171
4848
12813
13344
17109
375
15273
20531
18912
13667
11022
24736
18897
1068
398
5898
9374
24837
1386
12876
16911
13233
330
16932
4145
21341
5929
25678
21593
22719
21625
23652
16988
8344
13913
10345
4771
19044
1191
1385
16963
5584
2810
21415
3266
18673
18084
7956
2848
23254
24644
24584
3173
1432
10047
5217
22315
15348
21447
17161
24786
18389
1530
10332
11817
24407
15752
19060
21763
5851
9896
11515
21449
10404
24806
12762
15219
13010
4900
5107
2054
9897
23365
7250
7194
22549
6419
14223
16358
4139
18203
17140
19935
13850
13352
19847
13549
17366
19005
21153
14973
18175
15332
16780
2972
24081
10616
15312
9187
11292
15460
493
15672
18944
2624
13142
8659
11230
10825
9244
18641
16386
14352
20462
2655
25497
15568
24691
6903
311
9614
2139
10648
14001
16154
14892
758
9781
20427
6241
702
14762
14121
5126
22509
5343
19038
5792
1666
9326
8054
21078
5168
12204
18089
17263
1624
11415
5396
1157
17757
58
12164
16229
18806
3956
19503
15304
15547
4434
18648
2219
1650
3126
20046
13859
2886
18140
7975
14335
10360
20949
19823
9416
15146
6013
19756
15216
21425
13143
20963
697
15254
15958
18368
1848
16278
22537
8634
4402
9491
15379
10869
5164
6274
23908
12536
16677
19636
659
24993
16957
5115
25330
6750
8542
2950
19658
9464
571
22406
8318
9105
7461
23390
6598
20460
4663
10298
4063
1835
14163
21126
15726
18439
9388
21442
23374
577
14019
19619
16284
5317
13655
24919
17334
8531
8749
10098
10100
3791
22042
21623
24742
2603
4049
18676
19333
4606
10035
10076
4317
20044
17879
1401
19199
1436
2027
4505
16662
8392
9092
14253
20146
16490
15314
7788
4949
12609
15301
8823
3570
7404
9053
5093
14574
6105
21258
9087
22653
15773
13730
994
12483
238
6455
1400
20672
8286
8035
1036
5051
10319
17816
14675
19961
8977
3458
17223
22285
16195
4237
7616
3064
19697
5004
24636
10090
22946
12089
9223
12844
17416
14151
21416
19736
1271
24462
5819
6009
7104
3364
24865
18880
16674
16887
5593
18535
14878
21934
12352
7465
5609
1616
23532
15151
5111
12238
13538
25051
15944
21536
4941
8028
5914
6536
25583
7903
6862
20398
4034
25452
445
1257
16405
6826
19758
14772
3378
13807
7478
9580
5445
16504
25530
7108
18726
6561
8400
128
17665
18579
24593
18434
17008
384
2288
15145
16693
830
23194
11385
15747
9645
10844
8357
3540
2558
3504
25379
20075
7251
17483
5785
19161
25015
23356
15721
24840
20053
18764
18242
6090
18943
13498
18381
6775
18005
15274
24318
12027
8333
15003
6734
19370
7113
13770
8284
3689
3990
21435
18871
10326
14351
12641
1778
22782
16941
9144
25245
1088
13246
24139
23214
8100
268
6400
21688
1708
10281
16394
1686
7793
12682
20091
11967
14696
11009
10503
16380
20507
1747
19746
11813
3793
19794
13767
2632
5485
3309
21981
1248
10678
20969
14249
7821
19604
6010
23782
4962
6003
8730
16750
2306
887
19028
7145
1635
10240
12547
23013
3495
11781
2450
14259
10753
18009
10882
4826
13878
21123
7014
20724
24942
10739
4118
2412
14681
7252
17071
14062
3765
5185
16009
8281
839
16906
13473
14442
10060
8109
4993
18759
15111
25313
23901
14190
6394
1903
22288
21977
11883
24190
15049
12746
5104
14997
6528
21068
8573
9167
21160
19770
18827
14603
16595
10579
11651
13320
23629
7617
18581
6232
6813
22739
2429
4296
2841
21515
22644
13977
5409
13887
284
24833
23444
6277
8019
4083
10434
22230
5421
2179
6548
23191
8084
19668
24146
20014
8758
3441
15118
7882
18230
21920
14825
7422
6141
534
23497
15040
1433
11280
10461
21668
22612
122
25373
16045
8248
5127
23882
5808
24297
13689
579
12152
6330
13215
20947
5631
9732
9857
23332
19204
23798
25055
2360
15510
10255
25521
16568
15800
9695
14344
21257
16092
18062
17592
20554
960
24938
10871
11777
18364
8876
5454
12455
2948
3083
16390
18536
21842
16366
13253
22111
22461
5576
16468
8323
15202
7028
8075
5694
21967
606
22085
3964
13764
8580
9977
16634
3200
20035
4883
6602
1423
5627
23239
22596
15191
6269
14784
18189
10370
9808
18172
12919
24817
16828
16189
11719
3005
4052
23338
12906
1496
19531
19833
13247
6765
16301
16521
9854
3615
19898
7539
2669
21057
5644
12863
13016
24302
4084
11236
25387
20821
8765
18039
11615
20222
115
18420
11153
5449
24361
6901
21383
20069
25437
20990
17099
23763
23885
5029
5152
23865
4943
20483
7684
11210
25660
18464
8015
6815
11855
9215
14410
14826
611
12650
300
3094
25336
9250
24010
10270
19834
24481
24147
17520
11932
18698
7783
15297
10913
7575
6918
12846
8607
24966
24766
1500
12024
20819
5691
22693
21130
22747
24628
16723
22185
8854
25429
21845
18201
20242
19966
7890
7687
8525
3758
1998
8820
13705
3858
5617
7824
11737
18541
23732
23804
9637
25579
9608
3545
7528
15186
23135
16603
2900
13462
11306
877
3002
22678
19687
4594
6593
5039
3878
3383
22896
11961
25580
1404
23490
20131
21864
5908
10470
22661
5760
4377
19182
16418
5698
22908
12080
24331
13603
7437
1370
4770
13688
4955
5883
16027
7416
19709
7611
21251
373
11987
9723
21722
25554
23719
21276
16709
17182
2095
13245
8501
6999
16985
3683
10452
336
2958
810
11053
2473
203
2772
6126
24052
17057
7711
7472
12783
18518
22436
1574
2965
20422
13399
15887
7792
15939
22787
11483
1897
21352
2620
8379
5523
9797
22664
1834
11703
3331
20084
7596
174
21882
6841
17492
11871
22995
9820
13158
10459
16602
14833
18708
9189
12956
23389
22020
16977
25043
25279
21411
15615
2542
11936
6359
20188
24777
22028
10585
2600
1703
2074
17083
11749
25175
11732
19475
472
10999
7797
5458
7549
20536
700
15300
24888
20693
19686
7242
22362
4836
16182
10448
7136
22683
17176
5865
5210
19165
17104
2643
25628
9943
25269
14021
11243
18783
6543
19545
22969
2688
4849
9861
5937
11167
14941
9268
118
1374
12311
7405
22815
19793
25677
12728
17814
361
24861
11681
9174
7521
22419
19126
23034
860
5488
24814
4104
11807
11421
13309
22035
19193
19263
22546
6038
1674
11278
1018
10671
9031
882
488
2712
5109
6297
1882
151
22372
468
5543
24309
13451
7662
21924
1811
22433
2960
21895
23368
25021
12660
25417
7717
19938
1790
14786
25697
11059
17546
19983
25352
4453
354
20406
25618
15261
10729
8430
11111
13006
8408
542
18310
22762
10177
4524
23378
25735
1008
6503
21543
19399
25499
24154
24423
8958
21459
25237
1622
22464
3102
10586
4970
23426
10761
20293
17347
4440
1493
14744
11196
16573
1293
1020
15406
9071
20072
16415
16244
14753
7774
1000
22116
24134
19841
4634
25506
5966
15455
21614
8731
21601
13493
18318
2968
499
13544
4212
11991
6037
16387
1129
733
19349
15462
6728
21641
20578
16113
25617
1220
17778
19221
9411
17783
20204
3600
6888
14512
1978
19429
21850
23366
14368
156
24835
22357
19348
17246
20870
11605
8982
5250
9811
21680
6242
12679
1494
2739
4186
9653
2072
10243
904
14854
19268
5995
22066
23168
17028
23031
14906
3358
9891
10111
2938
1549
10341
9547
2943
5504
9601
15410
7126
22657
13530
7231
18033
12149
566
14723
2036
22120
7241
16745
17992
14481
6599
5968
22369
5573
6146
6378
3739
19356
22984
21359
14731
22147
20916
6493
7735
18355
7122
24659
25234
24698
18098
12717
11040
14674
5362
24460
19207
21147
2155
4235
1515
25200
14635
22601
1044
12593
11911
8724
24770
20629
17060
5547
14488
11164
9349
14872
18126
7475
16122
6660
9185
18846
1145
10654
20461
13702
10885
23698
3323
15109
4998
5186
10977
14994
10865
20788
14460
3792
3894
8017
24249
9120
338
20867
4255
16159
23404
20338
6379
14728
24196
19497
14426
15014
7790
9038
1582
12289
15799
16085
7148
16137
14857
12195
16496
21042
368
12042
18283
3373
22620
23792
3660
17175
5767
414
9344
5866
1575
3910
322
19701
8931
19942
17670
24370
10674
871
19780
2537
17024
5528
24827
9714
18781
24308
20890
673
13244
21134
20832
17946
14968
14110
4560
14626
21656
16190
18113
17905
4629
3955
14978
18964
14130
10151
12379
8595
12866
2247
1581
3777
7185
19480
21394
14355
18004
4752
16156
9553
19979
22012
24451
7329
23761
4376
25176
8300
6628
9225
11293
25433
7551
23676
4227
9196
17863
7095
22795
20766
9042
24701
5650
3117
24832
7446
12543
14697
6961
10574
9310
12411
5397
3873
4014
2664
19550
17423
17565
3862
16160
21379
4971
19130
5798
24986
24152
4315
7121
4098
6406
3880
6214
22506
15584
13873
18660
22915
20070
22454
3855
17081
21816
23482
2435
15224
9302
15609
10980
3041
5910
11520
1491
142
22960
6877
6668
3968
638
25038
22692
23054
16871
3781
19275
7947
4141
8417
15082
15759
14508
19270
1836
16711
3827
9130
15500
3133
7070
14719
7582
4541
11356
21540
4573
23457
22226
3128
823
8802
8602
7771
18097
6444
15413
15684
15032
12105
688
3267
23967
18990
21986
20503
21409
9399
2312
11974
5991
19678
5859
17141
22839
7723
9328
2612
20066
18608
12437
23293
5975
4515
15542
9830
25064
15479
2220
14625
25018
10907
11023
14590
10073
388
1242
13987
24643
196
18282
1534
15823
6102
16343
17186
2043
16444
20348
19251
21338
2934
13166
13058
18502
1368
14109
19548
4700
1653
6793
19121
15080
4299
7798
10780
15322
14058
16706
13171
11144
4686
7822
5076
18936
24179
20022
21590
706
9565
18498
134
14569
18981
8115
3970
19438
12891
9202
24176
24357
8530
7115
765
20612
15349
7053
4394
24002
10974
5211
1822
23874
17503
10542
365
8131
5007
21039
8382
13264
10928
6342
10330
3171
17261
17129
12079
3124
22775
17135
21002
21502
5370
17408
21978
2862
3357
22286
13341
2635
14794
7387
3829
2112
10650
15771
23501
19522
17973
11835
639
12781
5373
11448
12397
6138
941
11708
11557
6355
11551
10428
21948
13160
15013
11380
22366
22616
24143
11184
16689
18215
11529
15575
19235
3725
7027
21035
5669
22356
13124
11507
2562
2472
20485
12530
22474
21044
2512
9234
6437
11766
15873
3749
23357
1479
3819
5786
7323
17517
19097
14519
20579
7084
3494
12816
3561
25706
15932
7580
10031
25439
11500
6322
1412
25184
3490
23131
11750
23335
7143
4023
20602
19430
16449
20790
1971
18578
4635
16779
4611
619
8154
19257
9157
2576
7009
16744
9279
6074
6292
2488
12436
21959
2314
23948
14924
25552
7081
12108
16956
3914
20388
20702
3646
18164
1545
4469
22221
12968
11906
1216
8160
320
2482
9299
16342
7160
2832
23124
9289
20178
5511
6513
1809
10841
23682
25302
15946
22309
15472
16844
17885
10610
3546
22078
20970
16655
3234
23694
17727
25320
572
25399
17417
15077
13248
5955
728
21116
4461
4648
25263
4966
15667
23382
10927
529
11695
16865
12840
3530
15139
17942
21056
19945
9366
1806
15140
734
25025
5891
4556
19918
12258
13525
23512
22853
5723
10337
22384
6937
9619
1887
20919
11
2344
4503
10908
3307
6351
1760
14911
1639
13427
18967
7402
9884
4813
761
11207
6953
2700
14210
21198
13444
21814
23073
5957
8016
1393
20964
12695
24076
8532
7825
9570
24305
8423
7950
17698
1422
9800
13328
18769
24781
9361
4340
19897
3381
22827
1660
15158
15574
14706
20137
2363
15033
3303
20802
19030
14777
21790
14413
3946
22656
16454
17856
15653
4992
12812
25479
377
14992
4865
9534
5956
3859
11082
7899
24606
403
3353
5386
18485
10144
16165
11165
10640
9855
20746
14540
1175
11379
11314
22003
18470
11803
803
6756
24017
18580
2949
7180
17894
12600
13706
1872
13653
12339
9780
14667
9731
18980
7382
5086
5422
8191
1821
3209
24536
23673
10757
12767
2783
23607
19295
15991
17489
23243
14627
21096
10540
9468
3195
22533
21344
24340
10228
14923
14576
2692
13200
20655
8363
19576
12808
143
2682
14751
8036
11011
7394
10363
16102
24726
16999
133
14993
20553
17735
18082
18873
18890
23662
5466
6315
11599
2146
4806
22500
23091
18705
10786
359
19290
8508
6852
2540
22484
21084
10598
18154
21838
21155
11518
10189
7959
4782
10235
6028
6452
8961
12685
4947
20413
5925
13479
8436
15999
7643
7851
17669
10285
21342
16885
21158
16041
3959
2152
10322
9962
22129
8560
4510
8179
9693
12782
12430
4222
14721
24500
21638
21474
2735
24250
15648
19908
8337
5783
3368
5380
23539
15711
25627
21909
21728
3730
21434
2208
21054
21223
23205
14486
20865
4258
19032
16810
19036
24072
8702
4473
21253
16908
7574
7403
17902
1867
19562
19586
20330
19883
12502
18273
21783
15842
3175
6956
8487
4019
9314
1595
16065
7886
9426
13958
15398
13232
23861
3242
18185
21108
8262
15698
18001
21437
20738
15598
1061
18112
8332
13402
23240
12229
966
18032
5972
22494
13376
10116
7547
15477
1958
23626
6375
17512
12032
4995
5124
9045
14079
7599
24979
15864
7263
16254
11367
21388
11851
9417
16461
17968
18494
12729
7036
2986
18018
454
12658
13503
23119
10061
9100
10577
14404
20453
21892
1358
24775
8843
14950
15333
5873
22856
4027
19472
22000
11105
11511
10758
7819
15893
10386
19555
23388
8571
13476
24733
7698
934
12575
9371
10584
14268
1171
11742
2316
4111
23340
5071
4808
20183
6994
24959
12570
12277
17888
23241
7220
4272
23190
8541
7732
1625
22510
6650
12578
5371
11717
4940
11227
24354
15083
13566
7074
22878
24470
13153
18881
17981
9320
21381
17505
18913
19467
5515
17709
12623
5854
24210
1997
16436
2888
19149
23108
9441
12872
23624
13340
13098
11966
16141
3040
12098
1103
15549
12622
24281
5921
17945
19259
16613
10175
16081
10578
24157
12888
16822
21118
10803
10539
21093
18244
19135
15965
2221
18066
13916
20984
22696
10519
2255
12356
14586
2055
22325
11657
6889
8828
2276
14631
1163
1884
2445
2565
9764
2395
6890
18461
5009
471
4278
6971
15474
14353
24811
764
13132
3499
12324
6649
22473
14206
18798
25594
18516
5062
5288
5931
5812
17857
10126
21094
24591
22228
18173
11450
20471
21440
19184
6104
19669
7765
22317
16259
19903
10559
7850
25724
10631
24053
1094
14869
10920
12811
23753
10274
8952
8996
6629
567
8079
1554
7978
8831
24419
22973
13485
6007
9842
9667
10864
4814
18573
3928
24416
15089
23925
22916
762
7757
10473
24869
23019
20304
2004
14203
23627
6855
16818
17707
16142
6456
18611
10014
7271
3156
11671
2571
25059
20515
23110
20255
3120
6327
8681
3684
2018
4982
6904
4645
22105
16478
12364
1519
5958
10347
9362
19335
9801
15544
21503
14425
5269
664
15299
24306
3888
1731
13172
16900
2906
16866
8249
4857
6133
15741
2514
17671
23545
15076
4722
12831
20029
15663
4716
4559
7933
22597
18453
9129
294
3853
6339
22602
16161
8077
5433
3391
21830
15172
19092
5600
18973
18344
11445
10535
12847
25588
7447
2465
6293
18751
10972
7176
4543
6125
23973
8556
4250
502
19198
23472
21246
3386
16372
64
7296
13488
2389
9181
4292
9768
15267
9199
4480
11454
17424
20230
19744
14683
21806
14081
6576
19177
20128
23938
16005
10264
25649
14270
2797
3985
20668
8777
24172
21377
16292
2106
22862
10793
6873
22082
4375
6486
19111
9514
202
1366
19071
11166
7201
5367
18935
11174
23809
19817
11310
24317
1665
2295
5649
1005
21214
24920
7800
15354
9574
11170
20834
18387
7210
23147
8046
18427
20221
12754
15484
14038
16281
14185
7742
15984
24560
19139
13414
3802
253
24909
20753
12170
4873
564
17887
16194
23353
12212
8989
5382
2423
1354
6145
21670
21640
24334
3560
19708
2626
19147
19442
22211
15906
22705
24086
1245
14347
4455
18102
5149
19244
8861
9069
10000
25306
24713
25319
8465
8340
20186
14736
23334
4948
1381
19470
25023
20978
23700
15670
9904
23862
17508
10179
23087
3212
12979
25272
8060
1037
8612
24535
7282
2961
5338
20960
16747
22992
21955
15222
19450
14195
12456
3277
23576
2497
4087
17275
14898
1075
6928
14947
2204
23106
6803
16046
16990
8737
12595
16878
1587
16397
18542
1947
2665
22045
5125
19294
25493
6574
9718
4366
8153
22512
4666
23442
25197
19675
3541
18538
20731
17264
1657
15806
18504
24723
5008
6143
6414
25323
24496
337
9084
18950
9059
9706
6113
14554
5154
1776
16607
18315
562
2534
16166
17912
5410
12384
14823
8800
9205
9628
17293
3053
24325
2324
25210
23720
1877
22927
9984
7248
21076
14977
24880
14380
2738
16510
25650
23968
23492
21318
23235
4791
8613
23927
17149
4673
2595
10838
12034
2996
6312
8222
3936
527
20404
9879
13992
13753
2915
16804
24720
12643
9086
13478
23796
20258
5777
24213
13486
20121
7412
19128
5514
10898
22544
4601
21646
18224
19835
25033
382
3714
10997
18228
21291
14053
10201
9908
71
22408
17122
3675
21355
7384
23760
20723
1002
107
20720
1763
5114
20224
25350
1795
2812
9589
19132
2382
20904
23943
25495
6222
12504
12795
15116
21209
22244
25273
5328
20946
23385
23120
690
20447
1278
6897
24991
17539
8504
22101
12267
25455
25634
3909
20478
17387
9285
13276
21491
19444
15860
8983
6470
25329
20038
25305
9719
2656
13892
14671
25344
17920
5043
19344
6712
22545
24145
25501
357
2998
9510
5888
21232
10697
12926
22921
13758
3669
9261
11568
23082
13059
7397
21106
5936
15414
12091
1305
12789
23748
19646
15517
20500
4787
18212
7883
1832
2705
21316
14320
16609
25315
14226
3576
16198
11816
22889
8275
9242
12426
16317
2361
16016
8948
1711
22270
8514
7436
15405
9794
17500
20545
22711
19286
24485
11848
14846
15098
22125
20456
3518
23606
7127
11572
11839
12471
25633
897
21677
19765
3325
12173
14951
19655
1571
16882
7278
9427
24170
20294
17560
2897
14269
5790
19374
24163
21900
8839
3986
24300
16109
21643
22158
14752
24674
19079
12144
1294
22880
14068
3704
87
10378
10652
14395
3953
19196
2815
4253
11608
14073
22318
15185
15816
22919
19742
14435
4157
14087
979
16802
24124
25376
1204
2754
4075
17254
4968
13785
9364
1025
22565
12142
2438
1632
14608
14009
11747
16540
18610
9257
21376
25582
20883
24175
11017
1738
7417
24773
4274
12774
10252
4162
1357
23415
22773
17374
7930
11071
11188
7023
12737
7454
16170
12828
17975
24750
15724
9743
21939
3502
5531
23605
9590
6363
6205
20041
15982
5165
6178
6550
4746
9672
8689
4354
225
4009
5407
15058
9528
6799
10766
8283
20910
14192
37
7749
10695
20152
9365
24458
25166
685
1051
18417
24192
10795
15110
10850
8565
25476
24280
4239
18197
22721
21753
3105
13015
5781
6446
15130
10104
19766
5986
12115
25072
6517
1860
14904
872
737
13418
15774
1201
4964
11598
1626
22833
13713
9968
7351
21629
11859
13876
5478
545
6064
1529
25254
15238
8244
18348
22527
14012
21659
12759
15764
24778
20156
13938
20669
16379
3396
20450
3065
22237
4048
17240
7363
3016
8133
22106
18606
23140
884
7572
25120
21306
11870
21752
13925
14528
7016
1426
6695
7718
2530
9522
3292
9082
21494
12526
11619
2672
17413
4335
23805
10357
15997
24247
24678
24488
13622
5739
12599
17046
16762
6537
10374
24388
15492
11982
13647
4074
11087
9765
5347
6721
186
15259
7486
25408
17563
13395
7544
15954
8706
2156
15365
11392
1881
4526
22480
24220
159
25581
17146
16191
13960
3609
8214
11998
4790
21596
16131
25112
7192
7105
16651
13548
1472
17626
25684
7507
18642
18720
21283
23762
12868
21846
15485
22875
10352
15463
1360
21273
11312
11508
10268
2425
21470
61
17871
11283
188
11564
13937
2138
17934
4413
19796
19406
829
17681
24260
16562
2405
24751
12143
10346
815
17401
3355
5276
8120
8211
12671
25126
8266
11346
22663
5275
7368
12187
9562
6356
11955
10813
21402
23892
425
23935
12406
7308
15200
22912
3057
4448
20052
15468
16043
24212
17247
12097
4026
12447
25214
3623
2675
1509
14461
8378
8680
8937
8951
3804
13109
9888
10143
12452
5646
16036
14032
7953
11492
13062
3813
22269
14989
24442
1104
4765
4059
16659
3410
13745
24390
18162
11204
10194
15805
9263
13429
20696
13407
24255
24965
24100
6364
9654
3452
8063
5990
12681
1483
6466
249
25654
17339
5833
234
23578
1070
5647
18034
3290
11739
16205
10192
4320
23821
9067
16889
2526
25421
1223
7399
4368
25578
11267
14649
25642
13094
9103
4348
25482
16760
12509
14208
13021
12047
20168
18762
13097
773
14158
23752
10018
22720
16566
6461
11338
11286
24078
10213
19157
2890
751
6791
967
24712
20030
16335
24360
2963
24824
21297
4701
11350
20902
4316
18014
6255
12088
14484
2651
18957
8488
1975
9940
19951
17747
21282
22214
9759
17734
11607
15046
4159
17200
7293
22548
23462
10254
22103
6066
6443
14277
8428
16604
1237
7171
17854
8129
10230
4252
21997
13324
19600
14971
16653
15133
25083
1276
21175
8005
7409
10530
14315
2016
432
2956
24763
11896
13030
15550
18546
10016
4429
16735
4416
14359
7051
10886
16919
5324
20474
20307
7674
21429
18529
14607
5658
12573
13634
3078
23395
13946
12930
17700
12670
3521
22222
22210
24137
20881
14913
24510
6502
12467
7297
21014
11900
18275
18707
4525
5580
3907
7585
505
17400
24315
7336
13026
4200
10233
9587
8872
12692
12632
8734
15237
23992
8343
15623
42
19986
1148
9988
3113
24223
13003
5976
1669
13468
16987
2430
25161
25606
19663
16786
4020
634
18428
3089
23253
3491
13076
22911
22271
21866
22864
7543
24301
17292
17460
1939
11533
25223
4054
24858
792
5774
12871
23229
9871
10497
20803
11114
7410
5395
8321
16294
993
4309
5462
3925
24764
4482
17691
8945
5230
21566
2609
6817
25505
13825
4904
22578
21051
21069
16978
6692
15957
15362
15165
14108
863
1056
16937
1409
12082
3314
9292
17807
23284
25351
12959
25221
3271
5118
19634
24480
9751
4587
19208
13326
273
2379
24632
9404
21059
1578
24118
902
6809
5899
11736
20649
21412
24009
25145
4005
8924
10829
21913
16119
2825
19590
18591
11443
11321
3755
3731
13895
14178
20205
7178
10439
22783
18869
15770
10689
25177
23321
11831
59
24899
20386
21441
17006
3428
21699
3436
5277
28
5287
12359
4356
23701
2589
17342
16921
16090
2819
15067
10872
8375
4774
7879
4318
22192
10733
8315
15211
21404
19136
831
17872
15308
8354
12984
19210
6682
4012
14976
22375
3093
14517
9717
16474
22722
22679
13845
19148
21632
5327
12162
15967
8997
16067
546
3045
10083
1636
23939
3825
23582
13658
21715
990
7801
8650
21831
14948
13140
4379
24597
12853
3630
24963
16599
1125
2955
3740
1926
20814
9679
3335
3547
14934
13959
22199
12659
16754
2828
4540
19240
23909
20284
8291
3628
14037
3770
3785
19838
15011
11383
22907
2165
9578
5716
20595
16558
1642
11449
12946
3913
4772
14099
1112
1215
19791
11089
13562
23179
2918
23268
3918
17654
13826
12639
3930
22932
20933
14227
20187
7618
4100
19616
19963
23450
21710
10657
7304
17808
16738
3387
3677
11374
24182
19466
2408
3131
12533
8293
24862
15978
14357
65
16401
8713
21605
7134
9449
18741
12063
1961
13311
7065
3957
1190
3981
9738
5737
2511
986
17619
23283
13080
18078
13043
24672
10646
23949
13727
3944
15469
7075
25142
2866
12031
17439
13356
4514
23981
2944
19072
19176
24056
2597
13769
973
25013
6245
18059
22738
15596
20351
20489
14822
20908
23224
18828
23177
7817
22402
3423
910
25328
9030
25154
2137
16323
20185
20275
22694
17553
5294
25682
10742
17251
25504
15285
16034
10191
1484
4213
7286
11988
25216
19540
9101
14952
10719
8721
9108
22450
7371
15309
11117
14263
8614
1985
18968
10188
25278
21380
4339
2446
14299
4630
23262
18467
8628
7740
8274
12857
5374
7745
18599
21875
1303
2494
24044
10422
1585
16905
6779
19040
7230
25562
17258
10211
13591
13924
16344
10705
2202
18875
3823
8103
3447
3181
18131
13213
11975
1765
1830
7811
3565
1930
8936
23088
6142
15445
16751
7150
5160
6370
17131
21006
248
18375
7005
68
17608
7034
23027
12803
14529
13299
18092
1203
24368
12166
5653
16
11578
16172
18736
20508
19882
24894
11417
7657
23508
25271
19629
19609
19691
3137
13496
22352
1320
6589
20982
5278
184
2611
10289
16912
11864
24160
18332
6373
4696
20934
4399
11718
19287
23270
7040
6164
9999
2914
6800
4785
3810
16299
14963
14428
3099
8722
800
12920
23612
10748
6669
24288
12768
20932
10084
1410
6635
24929
20645
17201
21604
23211
25636
9629
8470
19940
4669
6211
25392
2133
7424
2855
739
20167
22710
18041
15430
4743
4361
14328
7365
13084
11090
8643
7957
13230
14294
6189
5606
23424
23985
22391
7794
16594
20436
8108
13624
13902
6072
491
20310
4241
12140
8798
24849
7022
23727
11797
20440
8202
22965
15277
15412
21711
6035
24871
15060
21081
5884
9462
10033
4460
25045
16743
23074
15350
22888
10195
3498
14332
6849
13072
889
14165
9421
17865
14847
16708
11403
24583
3488
3019
5305
4319
19220
19877
16915
13896
17803
24615
8562
3599
20652
1852
11617
12802
24547
14812
15720
9769
18824
667
8454
24045
14799
19754
864
15688
19122
9572
11755
25040
19620
16815
23548
24111
24857
15419
10159
18878
17602
19880
20003
18065
12243
209
11738
10161
25170
8578
17834
21531
17103
23455
22840
14588
19093
8197
12459
22822
12936
17218
6094
935
22197
22360
10979
5032
14600
10032
10130
7429
14006
23014
22142
3759
23421
23095
13768
19972
7471
16389
14783
19142
6645
11764
9315
23905
21144
391
18460
21062
21835
21673
10930
23060
15029
1845
25704
8138
4997
20862
20911
22293
22733
23282
23431
11495
17621
17843
3938
24791
21193
8869
5067
12296
12067
10558
20785
13561
1640
2212
20975
9501
9963
5242
22643
13380
19236
20976
1253
14327
21899
13389
16608
612
8367
15950
8682
19487
25146
14377
3225
18770
1297
21906
25496
23699
23783
22641
6271
18017
7782
9227
10955
20180
16224
539
1704
18257
21229
5063
10395
17054
12165
17785
13359
13353
1161
21727
10821
10588
1717
16942
3022
5025
1121
24180
5493
24602
10599
13225
9014
21252
15782
22324
24737
6678
12095
4197
10160
8457
15112
6485
24646
4655
20151
17924
5686
4156
11131
6975
8686
11690
5604
10148
12335
14106
6422
10282
21944
1430
14072
9947
15226
84
14447
14348
5157
1680
12991
2169
15228
14002
19934
13152
6925
2709
12815
18548
6752
4911
18796
13656
6974
2188
15567
326
4892
7035
21299
9487
1707
23023
20250
17362
19641
3710
24181
20743
6625
20623
6812
16251
776
15212
3422
3663
19018
16228
21058
11748
4300
25447
16724
2690
11186
17428
12771
14703
14243
15553
23028
16846
9198
15113
12933
4671
5468
6876
7300
8
6115
462
19914
7501
11853
12366
11658
11139
11560
2051
4837
21671
13636
24854
4534
11970
8401
23825
21184
17070
16048
8584
23533
8772
12295
3932
14274
24566
8903
8173
19306
7921
211
7071
23423
23217
691
12052
11642
12003
16719
782
7001
1378
7109
15018
21102
16117
25012
19611
17248
995
12124
14194
312
23112
14261
2015
13331
282
11887
10706
23619
1577
17684
23473
10889
9065
2421
18251
12852
22431
10956
9060
11195
11323
25310
15582
12265
415
19033
17067
10970
25477
14251
2781
18619
9584
19544
12713
11200
11908
5388
11255
18286
12010
24765
24402
1457
22871
17356
21228
8703
23352
21117
18774
5320
17171
24588
13369
18027
18519
9145
12553
3463
21869
20114
23714
3473
10115
20568
24475
13435
23814
1953
6191
11613
19751
7204
22098
19206
18020
14839
18639
14536
16763
1759
18922
7846
2083
14414
20885
7406
16248
7072
20877
7129
20733
367
9469
10081
20537
25688
24772
17732
19797
3923
5427
24420
16054
7018
8980
1325
3634
15391
4625
11715
13998
4478
12100
5520
13518
818
2065
7061
2813
4585
17645
21234
371
23072
20175
4584
13088
10687
20115
23585
9924
7750
23843
1143
10156
17954
9159
2931
11391
3747
19565
3129
7694
25652
21615
25054
10546
15009
20892
14926
19362
24197
3418
11151
11630
22967
25713
9111
20198
16657
7469
18732
6612
20937
24036
4914
1062
24614
16357
12138
15291
7927
19753
3096
4037
9093
24801
10603
21961
17943
4872
11004
2487
8078
15790
22346
16143
7804
14490
2843
25695
17506
1902
10600
17896
4362
2380
25537
12225
19346
4199
25432
16636
9246
22622
10985
18977
4306
16732
11510
23918
4273
7114
12749
3134
3332
19414
19998
6778
10137
25117
18656
24378
22330
12564
15073
20557
5973
16431
4475
19047
5575
18669
5222
17638
9440
22530
7266
13388
6932
21686
2748
7013
20622
12438
13492
22857
11400
10851
20630
1933
20787
12675
4847
6519
1874
22174
6343
13092
16584
15865
2723
306
16650
15789
708
24230
23775
14416
3889
13646
16132
813
6460
5954
4657
560
15404
17055
16587
21288
22517
20358
437
18843
11956
4125
12562
17472
10267
2416
22041
2206
7428
25204
11098
19357
4452
3050
19890
25434
4823
14894
18742
3316
13481
24385
24834
1816
8705
20166
3616
4846
20827
7267
23143
22485
2413
3836
11223
24759
5779
13090
20816
16661
11720
1969
8844
22865
20150
2785
22213
9083
2619
5657
10768
901
9583
22399
19739
22943
7348
3828
12320
1687
16428
6306
1879
21112
7189
4397
14663
7963
6266
23245
20962
17799
19394
3256
8746
22560
14103
19241
16018
10013
25065
3340
6022
7558
22910
319
8732
7936
17789
18597
16295
21239
10696
7451
13405
16334
12750
25509
10327
9566
19692
6586
1535
22516
23369
236
8911
2353
9424
25057
17633
8065
22959
2026
14262
3700
3145
2650
7218
11576
9740
11804
22682
16997
15535
12654
19254
21781
21804
12818
22982
5252
12213
22171
5719
9542
5680
130
24501
1620
2420
14313
3360
25354
20509
13157
5820
5795
119
12819
24611
14787
819
2301
5057
25525
4481
278
23599
2975
10262
19720
7739
1106
21940
21797
62
14369
4550
16592
9892
1940
23323
23824
24645
10765
25196
6893
5994
5948
4981
22870
583
1397
17363
14699
3092
24524
13542
18181
19673
1873
3362
2007
23479
25356
7498
10483
3493
9594
13291
13763
18399
20700
8212
9168
5583
15662
25229
16236
5813
23855
23432
2586
13536
9251
9532
21962
13397
6948
6386
19724
3152
11637
13970
5503
15435
2566
4290
3584
10831
14239
16783
22925
8302
8207
23859
15925
2486
783
15557
21933
5727
5548
17964
11077
10637
11393
24970
7432
19273
21360
2894
7032
753
1750
23756
5404
1871
16731
20864
3414
266
17688
5145
4588
18501
22373
16638
25036
8038
1812
18265
1668
22332
12194
8813
13908
892
22291
19129
1206
25370
5097
21100
9256
15389
22666
16918
11175
5031
23635
14265
6512
15257
11308
15744
25607
13644
16315
8439
3135
1124
3160
20283
21774
8246
17867
10572
17359
4676
14022
2569
5339
4763
20359
2852
13393
20927
11877
17296
23468
13163
22852
16240
1899
16704
18268
11285
6478
17777
16362
23835
2545
24578
20772
14960
11889
18499
2118
1280
5643
4247
22589
13592
11051
8346
12038
10670
18586
16924
921
13695
4343
2733
18351
13038
18429
7897
1147
20805
11468
20343
16523
11913
5424
7645
4463
14256
18200
14157
15382
24352
24544
949
3059
4958
21334
14306
848
25284
807
25230
9358
1629
16448
3618
1407
4225
8666
20818
10093
17536
8058
11402
6119
19615
9136
10731
20368
23523
7785
17952
5204
23151
19160
17584
513
24372
18810
3776
7981
18958
14705
9975
24744
19409
6830
1560
6745
3327
1981
12934
16517
8988
13243
7754
11844
5579
17694
19267
16312
21579
2304
22240
21822
6077
19258
13756
5182
1133
11734
14029
23540
17979
9966
10791
12428
15758
6795
9473
3402
15208
19212
21979
25638
651
11104
6181
16153
4804
3693
1729
7712
21163
23505
13671
12454
10291
11281
5889
5764
23387
23799
21200
12020
3108
8182
5070
14493
19775
20543
15952
8574
3842
5119
22991
461
5045
24200
7259
8781
1692
6476
24554
5900
19916
16148
19191
15716
23171
22849
23974
18987
14746
9325
22260
7768
25456
19836
1238
16505
24707
17188
11024
20751
2489
24095
3977
21966
16703
3645
10082
4685
1514
10053
4303
16378
244
5319
4619
4718
9909
11818
18697
13300
24856
14138
4189
18385
17087
9893
25358
4899
8752
19828
4446
20201
17035
6344
12740
13235
15703
4875
3915
7541
10080
25451
16097
14091
24425
6783
25680
8720
16785
22816
1097
1820
17990
6842
11238
11627
7214
17372
2070
15531
12261
2444
18596
7666
13872
2887
2100
219
5893
14830
20122
1460
313
14651
18866
19434
8102
21514
5553
15779
13459
14291
7601
8886
13777
16909
9288
6655
5027
19324
6737
13641
742
11623
2229
21805
20000
19785
24843
19969
16814
20639
11795
22018
19679
25002
24159
7670
1388
12732
18487
11336
17624
5140
399
25212
23025
21942
24706
8716
19162
19178
7270
6832
19233
17289
6248
2901
9537
10407
23561
7988
4797
426
18909
25604
5512
18758
3941
21097
13669
23987
8220
6223
19960
16459
17679
17551
15341
14820
642
24492
13366
25132
14202
12122
24364
528
16265
17002
23361
2647
16569
8849
5699
7697
6626
13984
10993
1621
17393
23314
2213
17668
3247
3738
20260
10784
22229
23405
13208
21857
7011
11594
635
10062
9511
8784
565
11032
1387
21610
22097
25389
6468
23446
9116
19731
10417
3564
5571
12150
3924
16851
8267
23103
19989
5173
13953
41
4605
2352
22993
397
5270
23980
21150
10170
21250
19151
17388
11948
7205
25003
1556
21559
21539
24779
7948
16305
12486
19289
6672
20736
21937
2032
13463
22583
16063
24438
12764
20762
10630
23255
4494
23990
16857
9517
24466
18491
20418
20807
6016
11754
21919
1333
5192
15740
17470
2551
18826
10975
11217
15807
8873
5262
11801
19826
25494
10856
13290
7691
25075
13616
6884
8165
20512
7952
15992
8814
8899
11290
2891
20064
13333
20699
11072
20775
16139
11027
20671
126
82
5791
17281
17613
14229
3261
1753
12280
25158
2559
1377
12417
22576
23249
9418
16348
5014
12188
3625
21582
21075
19271
12937
6621
10187
19719
12862
644
13002
4472
21591
17490
22157
7900
24117
21621
18515
3451
18333
14234
20806
8330
4794
12724
6963
9741
9696
11494
10849
11852
919
23345
21050
11945
15425
1598
563
2568
14420
23712
9577
6199
6703
6605
1058
18071
958
11369
4398
15520
25466
18055
23625
332
16151
19469
16543
20227
24710
640
17744
18563
17756
17830
20379
8837
19057
17038
11485
15390
19069
19285
5758
17682
8838
24024
6088
3589
13733
16962
12836
2029
1315
16667
22647
15825
2613
79
2252
20297
20102
21019
16795
7247
543
13534
4135
16089
13082
6252
21794
21101
18675
5083
5659
19065
13294
24084
15280
5953
3806
6220
6167
14228
17322
1649
10638
22172
20797
3217
6270
11276
1266
17583
12889
11463
18760
1675
5325
18435
18752
25518
12976
9882
9986
13598
8370
13571
21466
18823
6729
16055
3240
20538
11973
16784
14338
15041
12148
1187
16230
3937
25253
8023
4727
6156
5821
19024
18353
4214
15917
8452
14146
3767
7976
15320
3567
15814
7680
13206
6892
8258
18054
18739
2994
9931
22212
14711
5402
21608
17365
14017
24808
21652
20521
18408
8790
21508
13343
21749
23425
10487
12492
7331
13513
9956
25709
19384
25694
4008
8511
14581
20420
2809
17822
13853
5878
10633
10150
10217
15576
11110
2318
7854
22807
8625
6973
18521
7654
10067
1908
6556
2194
21904
17646
3997
11147
12664
5683
20096
14565
8134
19904
22848
17034
9015
8986
13599
19428
23553
25431
9222
3724
10453
23801
22170
12656
3098
15819
21287
16087
15817
7234
13155
11832
10870
15376
22677
25523
17899
14829
5337
19
3297
6246
14137
6291
4066
9985
17127
3848
5541
14702
20998
11458
17795
19809
22757
24610
19730
16635
23257
15102
2826
19056
24504
23650
8237
7905
9776
17915
4990
4867
21570
17781
6520
24099
21271
14737
24762
7533
12102
16939
18015
2225
13635
8341
16455
24109
22832
4604
13875
19589
9230
9255
22559
17230
17282
19159
2209
11047
1029
24661
19717
17890
18365
9568
22088
17835
3532
6552
9730
18727
24743
23724
988
8460
21888
22728
15090
18915
24453
8365
14097
11919
1321
23687
9456
20243
8981
25133
18775
8152
12011
2267
11592
795
178
12797
12245
7634
18335
25115
8338
22617
8280
17950
21066
4499
23721
10415
11155
8616
5678
5799
514
21768
16057
3011
20948
13801
22987
14318
23729
24355
11920
22052
20922
8853
12064
22760
10413
8342
13371
20313
8826
16432
9967
4265
930
22732
19296
4843
1429
19614
10325
19245
4953
17755
7199
15501
5151
18346
16250
10861
10544
11046
16010
8581
18684
3682
4325
12763
18108
7039
5989
11081
11257
21639
16790
7650
14524
14760
2766
22161
12785
6172
12222
19048
3869
8910
10120
20640
17389
22027
21778
14710
11002
2119
12708
6006
11316
12760
627
11648
9581
3168
20599
5464
12923
8088
11584
18854
17949
21450
17409
24324
18948
5652
8712
7277
3116
6014
13672
1362
5526
23702
6177
20120
24321
3430
10458
14726
24277
25127
15402
339
24465
9727
20373
13792
21936
21808
11953
7914
10713
9214
13413
14598
12053
12859
6651
14056
2442
17690
10004
14759
17167
15812
13701
6880
4905
14936
24954
1661
5558
15642
22988
21267
4395
14943
7400
22396
4927
14806
14260
19137
8819
24051
4768
963
18590
8200
14285
12161
22698
22791
16945
9859
3127
14382
9816
24279
16740
11428
479
1724
3832
23970
2362
2973
3079
14848
6523
15103
13282
11094
19927
25337
21037
5554
21742
20895
10804
16196
12302
8265
20312
15360
6095
14687
16619
9451
8372
3425
749
6131
12056
24478
1218
5381
10701
21760
18023
8808
25430
12895
13741
3840
25591
4215
11780
14326
18406
12135
25632
18791
23221
10556
19043
617
2585
8485
7600
23978
21513
12342
24609
9942
15697
944
23079
10242
21397
25362
22252
5090
17922
19643
5939
13113
17447
2803
13378
15702
21207
13255
7216
9488
25262
16223
2024
18249
22772
1009
3679
20759
21613
20522
1437
24064
16534
22115
20653
7290
1318
9554
9798
17558
3982
140
1507
11635
10331
11028
13994
22606
1127
19536
13957
9431
12300
14990
25671
8353
11127
4801
23163
8566
3500
5053
18788
19665
2799
20493
10107
8641
4786
21023
489
6689
19508
17656
12450
12706
13541
20083
24270
9394
1076
1929
5933
6153
920
5544
8226
20844
20878
1226
20540
13308
7896
5746
6743
21745
3882
22869
2592
9382
8308
10809
20811
20567
20710
20905
10216
18179
12869
3931
6539
5517
19931
5687
18701
5949
22957
22658
3644
20646
16306
1243
1890
12893
25714
19873
13834
7537
22201
1950
22169
22267
19572
20280
19304
16676
2720
17137
20118
7998
14330
8409
22572
19350
6340
6040
987
20437
7753
19790
3049
6008
13739
20443
18290
8795
12046
13267
7867
10040
8561
20318
11487
17369
11682
1241
16858
4224
2028
21527
21654
11547
11842
21277
8953
7265
16586
3244
5456
23875
21114
20444
12710
20194
25014
18138
2260
18562
2278
5214
5546
19732
14814
8168
7004
3392
12007
17154
11452
3799
4202
21607
13470
24549
21897
12255
11834
16820
25101
16958
8213
23104
14791
10166
9721
10469
5175
15866
14840
11806
7442
2816
14538
9604
24077
24729
12155
9802
12730
950
22312
19255
8879
6197
2570
1878
12606
15961
2417
22062
1761
125
23524
21218
20410
18462
22152
4126
15846
19319
13023
21480
25686
12929
16367
19737
964
18219
22831
5839
15969
19034
1081
13804
1235
13750
17179
25623
9211
19465
14644
25485
21777
15674
1428
7633
8107
23136
19891
21455
3886
23156
5361
17074
19595
8305
3967
6106
2999
569
18570
22785
24573
21956
23129
14984
4424
22882
16675
13345
23086
6850
419
1701
10455
19407
3905
14986
22348
14197
1784
13224
13743
2649
19610
14896
12160
16879
22323
11684
15284
11343
1372
17790
15233
3063
10515
24477
11211
2524
8227
1865
22094
21716
11320
1339
828
541
15626
4102
24350
727
17800
11825
5408
5875
20235
8599
5315
12490
15571
24433
22136
16772
18270
12994
16733
821
5391
853
12665
11722
4078
1349
18845
2282
24956
9353
24635
10502
15197
20561
18921
12071
11675
8113
17838
6073
24637
3311
5595
8366
25191
24962
740
325
3666
11265
20140
6816
17586
20361
15745
3887
15397
14010
16515
11409
9046
20081
24815
7673
18030
23166
5872
13870
1413
7589
21346
24055
3619
2251
2471
18366
24721
18425
1728
11888
23024
18459
20648
1559
10720
22981
25082
1346
3716
7483
11296
8728
16631
2454
4204
9564
11097
12582
17090
24267
21046
8396
14769
21903
9668
19297
12807
18687
18715
1435
2372
4764
10181
12627
13662
675
12381
44
6701
10551
19525
1599
13147
24473
1591
24515
20967
4887
554
4699
2536
14520
15755
19247
10039
11819
8359
13601
11000
2615
14860
12141
8656
21511
5619
17147
13842
8723
11793
17435
13049
12043
1638
9954
576
12439
17637
5714
12049
20197
11876
1843
18633
4412
12618
14237
18008
17958
604
20588
4363
22608
11689
17343
1310
16026
4188
3927
4999
1488
25674
6130
19246
2394
9311
11709
11649
11758
7838
16890
355
13820
9669
20997
5372
15737
21980
3572
12025
14112
15422
22727
23216
6194
5349
7881
10353
2985
15709
2056
7651
5268
5326
12469
9352
21624
15669
9318
7078
15643
12525
16215
20332
18754
20941
1739
1476
7315
5776
1805
280
5323
7356
7663
24559
16574
25192
6420
6170
14257
11268
9912
20841
19075
15336
14798
2917
18863
13150
21773
11668
17208
7375
942
2149
17672
4109
2899
25397
12489
1414
11921
6654
20266
2578
8850
8778
1869
5951
15159
11809
19868
13888
18667
1946
12910
12306
22573
1444
8973
15417
10615
8374
8157
20245
10074
12269
6079
10960
5611
14156
14648
14560
8696
10656
15278
20181
3771
13216
1979
12522
25077
5334
10663
7196
8603
10138
16157
20820
10379
17088
19100
13752
15021
7519
20482
9540
5969
23393
74
5465
22135
21485
11776
20380
6969
2322
16318
4289
13350
2399
8509
4979
21378
8579
21420
23884
3103
14340
17661
8618
9945
17452
4364
15458
14396
19538
15381
9997
14035
18217
1120
14474
12958
12715
22488
23826
2451
25314
561
21650
2728
20843
3003
4030
11333
6048
9856
2951
883
22380
20837
14039
17998
6027
9894
7120
7607
4269
16554
9319
25415
469
22038
24924
7614
19140
13956
852
7153
5589
23566
16678
22891
5601
19981
9339
570
17233
1300
23614
17221
19676
22914
520
7370
24427
2677
8852
24047
12974
22443
3524
18898
13593
4088
12388
16979
7526
10528
24040
24509
8178
4698
24648
13168
20560
1608
22660
24841
25168
12955
8081
6212
21908
10901
5415
18982
4314
2818
3654
3527
1572
20901
20419
25394
19341
2458
2533
8829
17114
5254
8943
9934
2947
3762
12700
16951
25693
7789
23961
6534
5417
9245
21010
18234
11707
10634
4404
23979
4468
22013
21704
6526
14818
13431
891
18839
21142
3945
4842
23793
9907
24916
5742
13931
9609
9173
25448
15134
2010
20325
11172
8801
20432
21166
18568
6208
16699
5159
5712
192
9348
8862
15529
11055
20216
8205
10172
21957
11895
22551
18000
23897
17749
6753
1602
12951
1341
22491
9946
4459
3399
260
25419
10840
13223
3822
4130
6381
6997
8170
15207
18317
3121
5692
8717
2388
8149
12241
23661
7564
22792
15647
5637
19195
14375
12833
8900
11079
1976
11064
12839
2730
8490
3379
22923
17667
9494
19309
22998
16208
18277
5195
18653
2770
3342
17634
14564
23592
16129
7119
17695
21162
10221
3109
5484
11118
18993
20810
16235
19657
1984
6722
3511
8991
14907
21713
12597
7828
14341
22246
191
12211
18772
8104
11625
19231
10504
710
1074
15778
20938
7167
25332
5892
9832
4544
3375
16560
15201
17341
13783
6547
12503
15742
23343
12474
23589
12242
19478
10614
25522
19076
12680
11470
8733
168
21653
1733
8239
23520
8744
21675
12601
10668
10728
2741
16226
9748
23375
6907
16247
17139
19748
5635
2357
17676
17938
17628
3020
22026
13552
18345
9843
25458
23944
18258
2641
14492
3578
13515
25225
13265
448
13257
11830
16998
19010
9343
12341
21588
4096
11837
25190
13823
19915
5843
17016
13358
6068
16388
16447
13491
21890
23174
12726
2371
2456
10815
16439
20584
12107
7301
3917
7068
4106
19685
20824
11644
6491
6675
2868
6054
14255
16377
22238
323
10518
24917
22283
11730
18662
19541
13961
15481
11133
6951
6684
20830
9519
20658
6600
9336
8897
9548
6991
20893
16541
3132
8848
20635
5607
2974
6487
12099
16354
3671
15088
1189
25621
4780
17044
10862
5293
5286
19105
14143
21958
7769
6596
3483
1295
8238
21092
18182
4070
23966
25608
14337
2042
14849
1699
2427
17316
15344
7177
1091
16433
20727
7568
13387
7833
24984
16168
13000
5673
1470
1033
16349
4599
24948
9252
243
96
25378
18991
7724
23759
19219
21929
25151
5697
5183
14935
14329
16030
15710
10299
6559
14946
13449
13893
12419
19229
21810
13837
19473
6472
20355
24449
23633
5570
24283
6742
13719
22717
4607
18545
9182
12907
18983
13682
3637
5876
20190
22496
589
18211
2924
13104
19902
8193
9663
2066
3919
745
18975
6530
857
24289
19110
116
6005
972
23412
7390
14431
538
22065
11197
2046
10119
15329
1705
22333
3575
20248
19662
13965
1115
19819
4708
20350
15835
16698
23977
15416
7682
23016
7463
4739
12340
2325
1896
23819
20951
15189
1126
5662
25670
610
20935
15719
5170
20191
11269
4131
10147
6582
2543
23130
17419
25180
13456
23312
12
5015
23438
18844
16003
6732
8080
2310
20880
10814
4622
13197
12250
11838
21651
19830
24952
6642
25000
12193
2746
19917
4352
15690
23157
292
5184
22054
24981
5113
9495
12718
12554
11001
21481
21473
3696
21526
22691
3042
11667
5295
3522
7343
8438
15908
20897
1655
19190
11287
6089
16621
19681
8451
5012
5670
11610
5022
24001
7502
16934
1516
21321
21820
18941
8143
438
13911
969
18649
15204
13295
19734
9455
13203
25375
10612
5572
10234
14463
6751
12501
13083
7047
14899
10534
5364
20757
2845
24697
14639
4425
19433
7629
14771
6226
10105
21417
16275
17323
6643
2630
5274
6865
497
9351
17421
25570
8288
24624
21734
20983
1119
10506
15786
6972
3983
495
1627
21385
12624
5430
24813
23615
7518
6408
2414
15038
17252
25179
20138
11760
1077
19781
15605
15572
14938
63
4467
1518
22709
4591
3974
8270
23899
25322
15292
8944
5592
19144
9782
8638
3721
11066
12249
20006
7458
5626
12498
23094
9043
23058
17944
23618
1715
13526
21431
13791
13373
13947
12284
23417
3972
1951
15821
5726
13281
24138
22466
11108
20458
20953
17305
21145
18992
24294
12448
22367
24755
19579
17881
4330
8411
20740
21488
951
2896
7302
17516
19922
11616
2011
12943
12884
15797
22455
6824
13890
12911
23277
15319
7226
20435
1105
13909
2332
15523
6099
16369
25251
22808
16848
669
5084
10567
13742
3417
12690
14643
11528
2581
17196
17320
21248
9172
12220
24974
11266
17699
3388
8349
3717
4259
6761
23132
1441
7538
14123
4901
404
20010
2837
17319
11501
20850
4383
22886
16527
17774
20277
7569
18931
686
704
15476
18040
8329
14518
4859
19378
2953
5122
1673
7085
5525
17725
16361
20211
1941
23917
19354
20879
13275
9377
3670
16964
6532
8668
3253
19578
25011
19189
17037
2241
21647
21347
14929
6533
1219
14842
24082
18683
24310
16826
11132
16091
14629
17955
16136
1184
17338
14370
21954
11977
1799
3658
3344
13346
11279
8773
10520
679
13085
19168
5962
4442
4161
400
17156
17345
22093
19506
7195
10890
5634
19387
4116
6608
8845
7378
9384
19680
8059
10477
5013
3390
18666
1593
6198
8067
15420
16184
3879
13214
17987
3216
21825
19020
18852
22963
4642
24003
12913
10334
3577
18723
13885
9330
12550
22930
14007
4341
14117
25478
3252
16633
8830
22690
24248
9316
19073
9995
11964
5055
11833
1564
18031
17521
13313
12892
8985
22122
11471
22220
13483
17477
3455
12171
15313
9341
10846
22016
12219
18357
8195
6970
3026
24913
8998
14231
6346
16597
3871
12415
4711
10626
2162
6426
7020
2181
6966
21120
2077
17056
6402
20063
16249
21756
18210
2166
23308
18743
5490
22379
22472
24054
17711
11805
2882
6430
18026
22342
1340
19725
2802
20815
1780
14389
20308
14542
10275
1273
20364
2835
24122
15948
3085
7000
4346
19410
10991
2577
2491
9446
9373
23379
20315
7309
9376
4844
20048
310
17906
3505
17475
20076
8558
5085
3034
17415
24008
15701
3706
14424
12118
22642
23483
23717
2807
9792
2117
10247
2436
23903
15092
20734
24085
16555
5198
22726
18118
22513
85
11639
19585
21552
4358
6748
3550
7063
1006
12548
1782
24649
16193
25605
15858
5075
172
10778
23349
8594
19957
12309
25490
22299
6057
11472
1671
10494
16435
7841
17580
9011
10258
8053
12788
6958
7166
21767
10887
7484
14213
9466
3454
1114
2710
7283
12443
19846
457
11676
21302
17787
15683
22471
19682
16757
23502
264
6545
18199
21285
12232
10241
24177
12820
3170
23730
20611
6118
7755
13903
19303
1255
2583
24
2468
17721
12446
5216
4138
4817
21546
9610
9254
16707
24585
4044
3199
24540
24330
19366
14917
24242
12145
16176
6670
25171
11113
2290
21586
17235
14844
5005
13633
15242
4417
22022
23596
24004
4450
17585
13025
23278
18304
6597
7922
17237
13327
3756
9463
14583
1066
9073
4582
2555
8608
7379
20495
24978
21571
1566
7391
5886
6768
17528
8034
11433
21792
17250
10203
6404
6450
596
17530
272
3012
5255
12995
15888
7604
18635
5189
6465
21637
17091
19376
2498
12809
21609
18430
8394
23307
25659
17368
10514
1456
2922
5379
20717
1712
21506
22096
3659
3442
12914
3519
7261
1883
13288
23559
20988
15061
18714
524
7361
267
5516
25333
1800
13980
15964
23038
6397
18440
23030
19925
6217
13028
19330
7342
13721
24594
9150
13102
15996
374
13453
11952
20742
17202
2439
18576
18292
8339
12883
22703
24714
18577
24525
17205
14392
4734
25100
13879
22368
14153
22937
19760
7172
24339
16940
18155
8632
19209
7243
16289
7869
4345
12864
15735
24623
20765
16493
10587
4547
19388
20391
3708
22713
17884
24345
4741
4090
15108
24604
12273
23696
21600
13612
8711
7029
15496
21110
1017
18724
13192
9622
15960
3830
2758
18532
6776
7595
5539
4190
7165
25088
9750
21217
1551
23996
5565
9265
22571
9123
15152
17138
7426
12085
12938
6617
4350
7190
16262
15486
23704
4946
23160
9526
9099
22233
19141
1314
16279
22245
19321
7699
24027
9865
24237
8610
24630
15904
1256
1043
20340
6754
19802
15580
14480
7836
5988
25047
15177
12451
5775
19792
20874
12970
2706
11618
9313
13836
24717
4973
14478
5405
9493
10127
25096
5896
16774
21141
7100
16499
5741
13709
23188
15054
11504
8025
12704
14333
6166
9489
24859
18469
18281
23377
3686
5105
6894
5432
20582
7090
2374
5922
890
4238
18094
24165
12495
16753
19316
9113
2658
20238
9605
8563
6251
24820
2789
11056
10484
23803
23052
16986
9838
123
4564
20154
16959
16430
11479
15685
5002
21173
12190
16218
23246
17631
23876
3766
21860
7895
3728
24885
19301
19712
19001
24664
158
14884
19985
5475
12263
9403
16031
21499
17381
24282
13517
22005
13738
21095
24202
22836
5197
13971
9772
22685
22846
20835
18750
17703
2345
21984
2132
25299
24727
7540
11997
16798
2575
21268
20808
8310
22778
6227
22029
16682
21717
2525
3998
10287
16930
12210
17929
7806
15783
25264
7787
6540
21660
10756
687
6662
12493
22877
22440
7349
24982
1906
14530
18525
18822
14505
4001
14701
8064
93
21698
3752
911
3223
18761
25396
1183
10485
12270
5181
24041
15371
25544
4196
1011
29
5879
2464
23453
18465
9673
18271
25162
19194
16664
21053
21146
3338
7894
10476
1
370
14811
17552
10052
12013
13191
16994
23915
21968
15661
1659
5587
20501
9408
20769
3305
11704
1891
6868
15155
13252
1080
10592
10400
18682
22918
17458
21551
14915
806
11759
23595
13891
13070
23022
10419
23852
3369
9796
12208
16533
23971
15294
3075
16183
23747
2652
20097
18703
22603
20609
4449
19955
23989
2387
25099
9918
907
15069
21537
5733
15624
25046
7839
21949
13674
20828
16158
2550
22254
2003
9952
10868
21694
3457
6704
7889
12008
2167
11239
5912
5412
6828
25587
3614
2732
15935
1107
6439
13374
14700
20497
12470
18477
6787
9381
15429
25095
5467
25728
6017
25309
22343
23954
3963
19323
10812
16391
4570
11537
15358
25149
19690
10343
6323
5941
11389
10837
14345
5566
14686
14932
20524
24555
7393
77
12787
7581
3007
8550
3095
22114
14793
20346
1455
10683
12477
12696
5172
5693
9773
8552
21674
7908
20686
12259
20748
21350
11033
2235
8026
3080
19943
7157
22493
5450
13226
9633
19383
1679
20249
14180
4072
4310
10798
12805
15715
21575
18180
23833
6313
10789
14575
15762
19371
6839
17209
19232
18169
10808
21770
17211
13036
10301
4017
15028
12370
18190
2377
16642
1876
8664
2876
13329
10992
8551
6665
2223
12180
16124
10167
1394
4766
721
17364
14856
693
17810
15614
2191
15183
23043
18246
4454
2419
24428
24149
16375
18145
3989
6015
22180
8296
25619
8637
22353
16632
16767
2531
11490
12592
24209
19534
2935
4193
16407
23675
21326
2747
17499
7031
9752
7449
16095
12247
12702
25202
20796
9926
23962
20484
25164
11168
15972
5622
10976
7904
3761
5621
15934
21031
983
13351
21185
23514
11491
17013
18136
3750
11979
22165
25710
4563
25241
18629
5303
17522
13011
17846
2014
16476
23298
8817
17980
20390
24435
19042
15287
20088
7340
21156
18626
10451
8572
9213
4593
3673
11202
9356
720
13923
24307
12651
25620
17463
19884
10482
17165
1600
17873
18160
20752
24565
14026
15777
2642
3154
11003
16023
17191
6433
3988
423
6427
17806
1116
722
24239
18692
14895
24156
10367
10425
11258
15119
25412
23070
21738
3587
9576
21780
23347
25248
18795
23534
9593
15144
3999
18829
6960
5207
21952
3811
12423
11254
14707
4960
6151
20196
1746
16714
464
10881
1486
1040
11949
11531
7401
1473
20492
14680
16384
13968
10133
10392
20744
21386
16575
3048
12521
10962
8624
22069
9397
11247
2303
6265
18820
24113
2291
15539
24968
15660
14350
18565
12963
17260
7989
8992
16949
22275
9238
13135
10949
14533
14624
348
1326
19566
1200
10200
8763
22621
23413
16512
16192
2763
13221
13304
4392
21877
12499
8316
23139
11862
8228
3226
9626
4624
17288
22196
13927
2553
11944
2885
9711
97
17742
19810
7006
15532
927
11660
14843
18314
2717
7386
5689
24476
10140
9413
6053
20719
9538
23144
15902
21091
2840
8171
2197
2102
4496
18141
9428
21328
8539
24112
23419
11679
21418
21458
13029
14159
1317
3097
15872
23928
23005
9939
3835
2356
23956
2238
23945
19416
255
7795
7207
4579
22410
8319
9828
25498
10764
21769
24098
20182
20725
22953
13114
307
5030
11289
5909
12616
11152
10256
2289
13775
24618
9079
3900
24494
20776
23878
12638
8694
2159
17752
11326
2510
10465
10891
14140
25441
12172
1481
25445
2716
7173
19568
9125
23573
11220
12989
13416
2814
13180
25668
8453
24675
3194
20675
15796
6618
21746
17027
19749
18135
8085
2871
22665
23467
11512
23780
16777
13190
21598
19647
6730
11532
18119
17544
9598
3961
3304
14930
7920
13691
9944
4388
4638
20452
15260
5974
2424
22282
25228
3773
6311
4695
3691
10676
2496
7866
18099
14182
14621
20051
6700
12928
6221
18905
11262
6814
19481
11814
11355
18302
21941
25584
22457
23414
15824
9282
15179
4661
5194
12996
19250
19337
11121
25217
9484
5428
16904
24132
8404
12952
18325
17988
5290
17204
20092
8057
533
2687
4889
13894
17050
4717
3694
11424
18637
12838
8516
3066
13103
1149
25407
25514
23478
22482
3727
1027
19563
6699
11872
22296
19389
23921
9232
23281
13419
198
15656
23869
3805
6024
6257
13138
18320
11581
15215
3167
5243
6690
10300
22302
24204
11910
23868
15628
21393
19524
15364
16522
17216
2912
4347
23220
20950
17911
10771
17227
5508
6409
12156
12546
1140
22071
23883
20831
20959
18902
11538
8398
3269
14580
6447
16840
4242
8780
17373
14881
3376
12635
17687
7707
2824
12416
15220
13676
13229
22631
11959
5231
17815
16727
9000
2695
824
5848
6041
21819
9385
3275
3146
24918
14266
14775
8677
16718
9122
6218
18779
12761
4574
10313
24207
7496
13576
5248
22109
9483
6571
10525
20633
7514
14886
22090
1467
23069
5997
7503
16877
12297
18426
10383
15820
14475
21413
15148
13001
2350
24802
7152
1562
5101
5279
2134
1004
20141
9974
21872
1211
24684
8236
10569
1744
13649
22177
13107
19755
13847
17910
6535
845
25730
7995
185
9688
22300
21824
17959
18786
8427
23950
6489
2038
7626
24311
1136
15328
3582
11270
5847
6407
21477
22699
8309
2775
3273
10454
20369
11282
17467
11583
10114
8776
21070
24676
3741
4678
24995
12971
40
9846
8480
22929
14454
2916
16991
14725
16538
2266
24860
19425
5940
21300
18989
21818
18598
10245
4567
25711
7493
20209
19913
13031
14622
20518
13314
4033
3994
3529
6716
15894
10124
12824
713
7147
9233
7726
6607
351
24819
8474
10707
10445
19854
3510
10038
17302
4561
19684
25218
15611
16737
5829
17643
9179
12028
2434
25471
23116
12678
11721
7320
20996
9545
22139
254
6638
6681
18233
24739
17724
6950
19699
1185
2448
22687
23437
20241
13446
21535
15941
24867
7837
24882
14218
8796
14446
21202
25224
2154
7310
17710
2777
69
7151
6620
22159
18393
10590
19082
13201
2335
3590
15093
9998
12312
18996
23656
5519
2606
13280
12375
22002
20721
9996
12368
17340
574
24586
4928
8174
12800
1597
1768
14304
1501
11808
4389
24640
14125
13053
19587
23779
11313
22567
4898
13400
19519
25390
3165
24439
17858
23739
4632
22734
15802
2331
5356
10680
9927
5260
6837
5103
4527
4061
3954
25113
22039
25692
21963
913
20961
11768
21893
5765
24410
8142
22740
25653
12383
5927
11802
13424
7961
13858
12323
6492
11382
1797
3523
274
7860
6989
6720
14757
6583
5308
8912
16859
25298
19613
12233
3403
6042
3465
13433
20715
20219
2053
9725
18601
24245
22702
6834
416
8261
10250
15677
21972
15509
7986
7859
2786
22483
15608
19423
20475
6267
10929
2827
5419
19907
5496
112
11006
3008
16283
4612
12796
15478
25280
14566
11460
12344
2062
22305
5037
22011
14476
19811
15115
8672
1031
19956
1613
18443
8166
22460
2865
21122
10339
4228
4710
18358
5046
22163
9026
18021
7777
12139
2527
15265
24695
6797
18510
12559
23408
23807
16683
8935
15940
10763
17548
13363
21256
18482
4058
862
20394
15084
5001
6401
22261
13874
22575
1023
9827
809
6736
20171
14030
4277
16421
18129
10925
13175
21063
25353
1402
18811
19222
18657
17793
1617
20528
23458
6697
20974
14059
13803
23008
11577
750
180
8299
22917
7791
9849
21833
16601
3086
1348
16854
17882
12214
6128
22194
11664
20195
25346
1471
17651
22812
20305
8857
23045
20353
5034
25308
11091
20535
7433
25233
10787
8491
4957
10005
25031
6
1767
4870
14107
13144
6677
20923
6898
14372
22872
1794
20271
3692
9499
15035
9051
22835
19494
7678
5366
16014
18917
11050
14052
1527
7751
14127
18300
15392
10381
5923
20968
2724
385
7044
10261
14036
25257
15801
9771
7392
23242
14238
4643
2631
12874
13723
8626
3772
3058
3367
10409
11410
1606
13403
20798
20306
540
19805
17984
14275
11062
4160
18061
1365
9109
24015
19653
7980
20273
15010
18148
10338
2594
16340
22541
20845
13628
6741
5304
324
23788
4888
23587
13610
9023
6206
14321
21735
148
23154
9110
6949
2499
9807
9277
7341
111
5538
17813
3260
12569
13260
22554
14796
13238
2622
3440
15915
9472
8072
6739
5807
24322
15739
9757
21294
2648
25731
21064
10983
20302
24389
660
6413
18733
17430
10996
21789
19083
1828
43
18330
14549
23165
23816
1338
8092
559
18231
18557
20638
17053
8037
3407
5978
7389
10873
11457
11048
11861
16060
5831
7312
5903
19351
21943
16685
22777
7721
6656
4521
5950
11654
1078
11666
15578
7298
24598
7491
6391
18359
21714
5755
23441
17051
22499
22952
19661
23611
4732
17386
20104
8785
11496
15227
16681
12266
14880
6477
22292
4932
4240
19327
2605
20631
9983
15506
25287
23648
23735
3846
10075
22425
14809
2653
17714
21028
17454
16842
16006
5447
2242
9649
21736
7587
22248
9057
24327
22121
15281
24629
16252
4393
23055
19618
6067
51
14114
8635
16310
15767
270
8201
12529
16920
18143
14766
1648
21898
1568
14479
6614
9220
24935
24562
842
1118
13794
15722
25675
25178
1093
6383
11638
16971
13136
19747
3598
12291
39
9603
387
4071
2939
18371
9048
16813
5743
9486
1590
8497
7924
22188
3419
20043
6190
21060
5213
11524
19639
12044
20226
4912
13821
21887
9694
17842
9965
17272
13303
10121
19153
10562
21988
24329
12106
21027
11653
19067
13297
4488
17991
23222
4596
17730
11509
25159
4803
22072
19778
11753
537
19202
18609
3475
24498
9406
2110
14076
18748
23233
11840
20914
20813
14096
24346
9887
24533
11898
17257
18388
9445
18865
25689
1987
25729
5612
20856
25331
23820
1714
17080
1167
8739
19448
344
20868
2933
5190
12398
22524
22900
1261
10878
281
19976
20
6978
1465
9724
12227
6120
199
13141
6577
25507
24233
16398
23958
22251
11847
24516
10894
22322
23772
2227
3612
13181
4855
25199
4420
15989
17344
3516
20382
20126
17635
618
16807
22215
15311
9735
6479
10583
17914
23204
24000
8282
1983
5357
5919
13773
6810
1914
4458
17812
15266
22961
5132
19688
21317
4297
9919
10752
8482
14346
16955
4659
15979
16849
21523
17043
1469
21782
18613
5321
6458
21087
13357
24314
8094
10703
20160
12741
12246
3958
9902
21165
10730
3672
22092
19864
21298
7939
14691
18634
4068
2686
20192
21923
13318
21733
20376
4032
22504
20615
8914
19402
25030
14615
6986
20473
9160
4876
13596
11328
18419
21648
20519
1213
12603
15551
24469
8086
2457
14972
12005
18070
9127
2239
24792
14215
15581
6687
2991
9321
9874
15384
1558
25020
13426
20286
3605
20411
3971
11519
8083
3189
6774
10744
4664
204
10044
18137
17315
1132
17422
8412
16508
8326
11726
16118
9151
22128
10709
8245
17332
24075
19571
1240
14104
14673
17052
24114
5208
10532
2721
12377
6244
14780
13467
6706
22569
19382
3106
3951
14494
17895
5530
19443
5824
9516
11100
10794
350
21666
4435
2662
5806
11205
13116
13306
18447
8278
10779
18776
9597
17143
16058
24748
25189
8615
3891
7007
394
7888
3688
5869
15863
7727
17845
25519
14027
14057
9923
15361
11049
16242
4660
10581
12472
13115
7987
5225
3966
17686
1380
9742
12081
24014
21737
4492
21389
4112
22786
15754
25386
17326
20202
18421
24961
22725
18254
9459
25571
4795
18394
17298
3397
11010
3707
7965
2131
12048
7037
6764
24864
14169
8371
16616
14636
9138
8538
15787
7021
22972
7358
7268
10777
17058
17181
23248
10236
11249
17309
25034
3539
23487
12842
25589
10507
1611
21796
8383
20148
16961
6467
13336
8870
9544
6284
10834
18367
7076
16617
23863
6908
18047
8251
9543
18555
12806
15769
20496
9806
13502
10608
14144
21658
23567
23634
23333
6483
13547
4903
24908
13379
22190
17953
21545
5904
346
21032
22118
7865
302
19322
9760
8663
3979
7187
10788
8585
13134
17525
316
10597
20711
4374
16797
1258
18954
24457
275
22340
8575
17837
9971
17184
8106
10222
24019
17826
7759
24557
17253
24921
17786
17554
14000
19347
18446
20510
6368
14527
20158
7675
14551
21555
7362
25215
2327
12645
15437
17041
9497
21462
11226
7570
25240
24620
5128
3934
293
25150
14013
15366
23522
13664
14979
3729
3861
20737
20381
11683
17407
15589
25102
17519
15449
16552
3424
1864
18801
3082
17611
4028
7928
6243
24687
15837
15251
13632
157
20259
15681
14666
20464
3864
16453
22675
23020
5089
12964
20875
16975
4444
10086
16816
7653
8050
195
12743
22651
11546
17236
6529
13597
10478
8252
6300
11892
6280
19933
7565
16309
12608
13274
20780
25637
3032
10943
21430
18787
23829
2617
5238
1672
6213
10157
14776
4342
1565
8147
23837
21930
15593
2657
13948
16938
11305
18768
8999
10284
4051
24783
6666
4405
16000
19014
14045
17420
25622
22619
21036
8932
23743
3898
4041
6290
1024
25727
15714
17908
9271
25461
6469
7206
14942
10329
14692
14552
1454
2469
21263
13052
16716
14457
2846
21040
12511
21366
13364
11981
7292
6353
10847
9805
176
12662
1540
25118
21524
23207
4170
11440
17020
5814
10625
5679
2403
21945
8918
22148
4531
23080
23195
19318
17314
10359
17273
5987
20641
19561
24409
585
15068
22520
7857
22053
18722
23471
14669
7985
10935
11124
22804
6808
20062
19874
11575
4427
18342
25406
14409
12087
25459
17723
9303
24639
13292
19886
11968
8008
21436
5094
3831
23526
14779
9698
724
14181
23309
8331
7642
7492
7566
3601
19239
10271
790
6348
18340
22411
19456
20335
2097
1194
16548
18012
8068
15883
4597
12235
14308
20251
20558
7925
3262
20670
21131
21055
17540
3118
19417
22842
24366
20135
3603
16339
22034
8231
19361
11335
11826
12094
4042
11854
4583
20282
11624
21858
22797
23900
8099
17397
24444
9304
4432
13771
5201
10109
12307
2365
24144
23399
233
9557
20678
4234
14630
16260
17591
6624
16876
8984
23445
22006
47
8962
1045
25545
25357
441
13325
13630
12649
6848
5773
25006
2087
2880
56
2989
3942
35
22404
19991
21072
648
24810
20825
15137
10042
10545
14280
24461
24804
18717
2243
9025
16326
1553
15187
12303
15868
16913
17701
17708
2449
12912
15388
14439
16424
20667
6471
3459
22218
10290
4969
6840
18526
5020
9976
17596
11597
7033
16705
21764
10342
15508
24046
5310
25384
20617
14383
22615
23777
5911
3321
17599
9457
6766
6632
16467
11453
17159
21324
4249
10723
6874
10382
6333
19557
10632
21310
20362
6393
12534
7812
10078
20033
14592
9737
2082
20873
1390
18486
2347
12127
9612
1177
8225
24532
4378
3596
24120
8901
12298
10265
14065
7339
18379
19928
9275
1685
20833
6055
15182
10443
13787
25574
11250
8678
9076
21180
11995
19019
16796
13943
4798
3445
13510
20119
1934
20913
11206
3021
