-0.561464
1.047974
1.215028
2.260997
-0.394409
-0.050638
1.215028
-0.587781
-1.013449
-1.013449
-1.686393
0.985454
-1.686393
-0.179094
-0.217522
1.047974
-0.221577
-0.014920
1.047974
-0.587781
1.215028
-0.251309
-0.394409
-1.853754
1.047974
-0.303952
-0.897936
1.047974
-0.050638
-1.601235
-0.026685
-0.050638
1.483292
-0.730882
-0.762134
-0.050638
-0.394409
-0.554734
-1.098607
0.474628
-0.126146
1.483292
1.215028
-0.050638
1.047974
-0.251309
-0.014920
-0.251309
1.215028
1.483292
-2.448533
-3.914870
-1.686393
2.017375
0.043411
1.215028
-2.649204
1.047974
-2.305432
1.162385
-0.050638
0.138156
-3.747816
-0.897936
0.407937
-1.349921
-1.013449
1.047974
-0.240143
0.770343
0.085164
-2.138378
-0.914603
-1.013449
-0.781525
-0.251309
1.215028
-3.747816
1.358129
1.047974
1.215028
1.047974
1.047974
-0.050638
0.595989
-1.686393
-0.561464
-1.013449
-0.394409
1.047974
1.483292
-1.550592
-2.448533
-1.601235
0.116416
-0.331475
0.259517
-0.251309
0.176135
0.686961
1.047974
-0.251309
1.215028
-0.335254
-0.762134
-1.686393
-0.251309
-0.251309
1.047974
-3.747816
0.116416
-0.602707
-2.508342
-0.251309
1.358129
1.047974
0.495906
-1.937708
-3.747816
0.116416
1.047974
-0.050638
0.259517
-0.762134
0.176135
-0.050638
1.047974
2.620371
1.215028
1.483292
1.047974
-0.050638
-4.294360
-0.050638
-1.013449
-0.575281
0.259517
-0.510536
-0.810048
-3.747816
0.770343
-3.747816
-0.623101
-2.448533
1.215028
-0.762134
-0.435692
0.474628
-1.187952
-0.762134
-1.686393
-0.561464
-0.411651
-1.013449
-0.616298
-1.013449
-0.435932
-0.394409
-1.686393
1.945916
1.785573
-1.013449
0.686961
-0.042735
0.890789
2.205427
2.313641
1.483292
2.205427
-0.762134
-0.014920
-0.561464
1.047974
-1.098607
-1.013449
0.116694
-1.801906
-0.700071
1.694602
-0.561464
0.259517
2.205427
-1.081657
-0.076955
1.694602
1.358129
-0.038834
-0.050638
-1.013449
-0.251309
-1.013449
-2.448533
1.215028
1.868955
1.047974
0.176135
1.358129
-1.098607
-0.014920
-0.462618
0.259517
0.495906
-0.247750
-0.139574
-0.761762
-2.112061
0.384680
-1.013449
1.358129
-0.066653
-1.013449
1.047974
1.047974
1.047974
1.594518
-1.013449
1.215028
1.358129
1.047974
1.047974
-1.686393
1.047974
-1.230376
1.047974
1.694602
-1.149250
-0.076955
1.047974
1.047974
2.363651
-0.265007
-1.098607
0.595989
1.047974
1.358129
-0.050638
1.215028
-2.448533
1.047974
1.358129
1.047974
-2.448533
1.047974
2.205427
-4.294360
1.215028
0.384680
-1.550592
-0.861288
-0.050638
1.047974
0.116416
-0.394409
0.259517
-2.448533
-1.343551
1.358129
0.259517
-1.013449
-0.394409
-0.525377
-0.170382
-0.246012
0.651559
-0.462618
0.686961
-0.251309
-0.394409
-0.050638
-4.294360
1.047974
0.116416
-4.294360
-0.251309
1.047974
1.047974
1.047974
-0.561464
-1.686393
-1.937708
-3.747816
1.358129
-0.336466
-1.601235
0.595989
1.215028
-0.251309
-1.013449
-4.057971
-1.686393
1.047974
-3.747816
-1.013449
-2.112061
-4.057971
0.116416
-0.455114
-1.686393
-0.762134
-1.452722
-1.937708
0.595989
-1.686393
1.162385
1.047974
-0.396776
-2.816258
-0.897936
1.785573
1.868955
-2.649204
-0.543943
1.047974
-0.462618
-0.897936
-0.050638
-2.138378
-1.801906
1.358129
-0.561464
-0.561464
-0.160337
1.215028
-0.561464
1.358129
0.116416
-0.405557
1.785573
-1.572391
-0.394409
-0.251309
-1.013449
-0.762134
1.215028
0.595989
0.116416
-1.013449
-3.914870
-1.349921
-0.991287
1.483292
-1.013449
-1.349921
1.483292
-0.251309
1.047974
-0.299845
-0.936874
-1.686393
-1.349921
-1.686393
-0.762134
-1.686393
-0.730882
-1.437978
1.358129
-0.251309
-1.686393
0.985454
1.483292
-2.448533
0.259517
-1.013449
-0.354563
-1.013449
-0.762134
1.047974
-0.762134
-0.211303
1.785573
-0.667030
-0.445928
1.047974
-0.149753
0.259517
1.594518
0.116416
1.215028
-0.126146
-1.686393
1.358129
-1.601235
-0.050638
-1.013449
-0.251309
1.215028
-3.914870
-0.217879
-0.050638
1.694602
1.358129
-0.561464
-1.098607
0.259517
0.595989
1.694602
-1.013449
-1.013449
-2.138378
1.047974
-2.448533
-0.762134
-0.897936
-0.730882
0.554317
-0.126146
-1.349921
1.483292
-1.601235
-0.251309
-2.649204
-0.919168
-1.013449
-0.590663
-1.600957
1.047974
1.215028
1.047974
-0.251309
-1.149250
0.985454
0.116416
1.785573
1.358129
-1.098607
-1.601235
-0.394409
-4.057971
1.162385
-0.050638
-2.448533
-3.914870
-1.013449
-1.013449
-1.937708
0.336478
0.595989
-1.686393
0.259517
0.259517
-1.013449
-1.013449
-0.050638
-2.816258
-1.115389
-0.050638
-0.251309
1.047974
0.176135
-1.013449
0.595989
-0.300824
1.215028
-1.013449
-0.730882
1.047974
-0.208049
1.047974
-0.126146
0.259517
-1.686393
1.047974
-2.448533
-2.305432
-2.448533
0.510831
-0.494044
2.500227
2.017375
0.259517
-3.747816
0.384680
-0.251309
-0.762134
-0.506211
-1.029264
0.073536
-0.730882
1.215028
1.047974
1.215028
-0.251309
-0.050638
-1.686393
-3.747816
0.686961
0.595989
1.358129
-1.686393
-0.743982
1.047974
0.384680
-0.050638
-3.914870
1.047974
-0.762134
1.868955
-2.448533
-0.897936
-1.349921
1.047974
1.358129
-1.860747
1.047974
-0.126146
1.483292
1.215028
-0.502623
1.483292
1.047974
-0.251309
2.084066
-1.013449
-1.098607
-1.937708
0.384680
-1.937708
-0.762134
-2.448533
-1.686393
1.047974
1.358129
-0.050638
0.495906
1.047974
0.259517
-0.050638
0.770343
1.358129
1.483292
-0.762134
-3.914870
-2.448533
-0.351392
0.259517
-2.816258
-3.747816
0.336478
-0.770019
1.358129
1.047974
0.259517
-0.050638
-0.251309
-1.349921
-0.251309
-0.394409
-1.098607
1.215028
-2.448533
0.116416
-1.098607
1.483292
2.411279
1.358129
1.215028
-0.386532
-1.968960
1.483292
-1.349921
-0.251309
-1.206820
-0.251309
-0.050638
-0.440944
-0.251309
-0.251309
-2.448533
-0.251309
-1.013449
0.116416
-4.485415
-1.274508
-0.251309
0.071465
0.595989
-1.686393
1.483292
-0.622366
1.694602
-1.070897
-1.013449
-1.098607
-1.937708
1.594518
1.594518
0.259517
-3.747816
-1.550592
-0.235594
1.215028
-0.198877
1.047974
1.047974
1.047974
-1.937708
-2.448533
-0.394409
1.483292
0.686961
1.047974
0.116416
1.483292
1.047974
-0.251309
-1.349921
-3.747816
1.047974
1.215028
-0.251309
-0.189153
-1.349921
1.215028
2.205427
1.215028
1.358129
-0.251309
-0.076955
-1.601235
1.215028
1.047974
-2.448533
0.071465
-0.050638
1.694602
-0.163289
-0.050638
-0.762134
1.215028
1.215028
-1.686393
-1.013449
1.047974
-0.897936
-3.747816
1.215028
-0.251309
-0.014920
1.215028
1.215028
-0.251309
1.047974
-0.762134
-2.448533
1.594518
-1.098607
2.017375
0.315087
-1.968960
-0.050638
-0.050638
-1.098607
-0.394409
-0.561464
-2.816258
-1.349921
1.694602
1.047974
1.047974
-0.561464
1.047974
-1.686393
1.215028
-3.747816
-0.762134
0.686961
0.985454
-2.448533
-0.593994
1.047974
-2.448533
0.116416
1.215028
0.384680
1.785573
1.047974
-2.649204
-0.520705
-3.914870
-0.861842
0.176135
-1.686393
1.785573
-2.816258
1.594518
-2.448533
0.116416
0.085164
-1.013449
-1.098607
0.106258
1.162385
-0.093126
-1.098607
1.215028
-1.013449
-0.251309
-1.349921
-0.047892
1.047974
1.047974
-0.021489
-3.914870
-0.251309
-0.561464
-0.387414
1.358129
-0.275271
-1.149250
1.047974
-1.039766
-0.251309
-0.462618
-0.328270
-3.747816
-0.251309
-0.112351
1.358129
0.344675
1.215028
-0.561464
1.483292
-2.448533
-0.839095
0.116416
0.770343
-2.816258
-0.126146
1.215028
-0.762134
-0.762134
0.754213
1.047974
1.047974
-0.050638
-1.013449
-0.126146
-0.251309
-0.251309
1.047974
-1.013449
2.411279
1.594518
-1.013449
1.215028
-2.448533
-1.349921
0.495906
-0.166571
1.215028
-1.349921
1.694602
1.215028
0.116416
1.047974
0.985454
-4.057971
1.483292
-1.686393
1.047974
-0.897936
1.594518
1.047974
-0.119487
-1.686393
-0.388621
0.686961
-0.251309
0.116416
-1.686393
1.358129
-1.785239
-2.649204
-0.602707
-1.013449
0.384680
-1.013449
1.945916
0.214055
-0.634726
-3.747816
-0.050638
2.084066
1.945916
-1.686393
-1.475084
-2.959359
0.495906
2.084066
1.215028
-1.382182
1.215028
-1.013449
-1.013449
1.215028
1.868955
-0.396092
-2.448533
-0.050638
-1.686393
-4.294360
0.003758
-1.098607
-0.561464
1.521759
-0.328270
-2.448533
0.259517
-2.068408
-1.686393
-0.424949
-0.762134
-1.686393
-1.013449
-1.686393
-0.145722
0.595989
-1.013449
-0.544080
-0.251309
-1.686393
-0.457354
-2.138378
-0.050638
1.106815
1.358129
1.047974
-0.089667
1.694602
0.259517
-0.251309
1.215028
-0.835562
0.259517
-1.660076
1.358129
0.135807
-0.050638
0.651559
-0.076955
-0.462618
-1.601235
1.694602
-2.816258
-0.076955
-1.686393
0.384680
1.047974
-0.251309
-0.561464
1.358129
-0.126146
1.358129
1.215028
-1.349921
-1.349921
1.215028
1.358129
-0.473188
-2.573696
1.594518
1.483292
1.215028
-1.013449
0.116416
1.047974
-1.349921
2.205427
1.215028
-0.914603
-0.730882
-0.422629
0.116416
-0.251309
1.483292
2.363651
-0.251309
0.495906
-2.448533
0.384680
-0.251309
-2.448533
-0.251309
1.594518
-0.722525
1.594518
1.047974
-1.349921
-1.013449
-4.057971
-0.050638
1.945916
-0.251309
0.116416
0.259517
-0.050638
-0.251309
1.047974
-0.561464
1.694602
-0.561464
-0.050638
-1.349921
-1.349921
-1.503829
-1.098607
-1.013449
-3.084522
1.785573
0.686961
-0.251309
-0.888848
0.595989
-1.013449
-0.897936
-1.098607
-0.251309
0.116416
-0.251309
-1.220109
-1.349921
0.426571
-0.126146
-1.349921
-0.251309
-1.686393
-1.098607
1.694602
1.215028
-1.717646
-0.050638
-0.117985
-0.762134
-1.349921
1.483292
1.483292
1.047974
1.047974
-0.050638
-0.451308
0.384680
-1.302992
0.063772
-0.537334
-1.686393
-0.730882
-0.251309
-0.184228
1.694602
-2.448533
-2.448533
1.047974
-1.686393
1.047974
1.047974
-0.394409
1.215028
-1.128786
1.215028
2.471448
-1.937708
-0.452624
1.047974
0.116416
0.686961
1.047974
-0.590399
-0.632481
-0.703294
-3.747816
1.358129
-2.495676
-0.050638
0.847304
0.085164
1.047974
-1.860747
1.047974
-0.251309
-0.251309
1.047974
1.047974
-2.448533
2.146587
1.694602
-0.762134
1.694602
1.215028
-0.202464
1.358129
1.047974
0.259517
-0.050638
-1.013449
-3.747816
-1.013449
1.594518
0.014200
2.313641
1.594518
-1.149250
-1.149250
-0.351392
1.358129
-0.982196
1.047974
-0.251309
-0.521228
2.363651
-0.050638
-1.937708
-1.686393
-3.747816
-0.293526
-2.959359
0.259517
0.055750
-3.747816
0.686961
-0.126146
-0.713932
-0.897936
1.215028
-0.126146
-1.686393
-2.138749
-3.747816
-1.686393
-1.013449
1.594518
-0.269779
-0.251309
-1.801906
1.358129
1.483292
-0.376345
0.116416
-1.349921
-0.251309
-0.897936
-0.951790
-1.937708
1.047974
1.215028
1.215028
-2.649204
1.694602
-0.762134
-4.183134
0.032744
-0.561464
1.215028
-1.349921
-2.448533
-0.251309
-1.686393
1.047974
-1.013449
-2.649204
-0.462618
-3.747816
-0.897936
1.215028
-2.305432
-1.349921
-0.014920
-1.098607
-0.823222
0.259517
0.116416
-0.281386
-2.448533
-0.251309
-0.251309
-2.816258
-0.561464
1.215028
-2.448533
-0.762134
-1.349921
-0.324068
-1.349921
-1.686393
-0.695994
-0.762134
-1.686393
1.215028
-1.013449
1.047974
-1.013449
0.384680
0.085164
0.008203
1.358129
-1.349921
2.541899
-0.050638
-1.349921
-0.587781
-0.561464
1.215028
-1.937708
-0.561464
-2.649204
1.047974
1.358129
-1.937708
-1.013449
-2.448533
2.205427
-2.448533
-3.747816
-3.747816
0.000006
-1.013449
-1.188794
-1.349921
-1.349921
1.483292
1.785573
1.215028
1.215028
0.384680
-0.762134
-0.126146
-3.195748
0.595989
-3.747816
-0.230561
-2.649204
0.259517
-1.349921
-1.937708
-0.762134
-1.349921
1.358129
-0.050638
0.116416
1.868955
-0.050638
-0.547574
-1.349921
1.047974
-0.394409
-1.349921
2.313641
-0.251309
1.785573
1.785573
-1.550592
-0.158496
-2.448533
1.047974
-3.747816
-1.013449
-1.349921
-0.251309
-0.251309
-3.747816
-2.816258
-0.251309
1.215028
0.116416
1.215028
1.358129
-1.686393
0.770343
1.215028
-0.251309
0.495906
-0.251309
1.047974
1.047974
0.116416
-1.349921
-1.686393
1.047974
-1.349921
1.868955
-0.762134
1.047974
1.945916
-0.312867
-1.013449
-0.251309
1.358129
-0.014920
0.495906
1.358129
1.483292
0.686961
-1.349921
-1.349921
-0.076955
0.495906
1.047974
-0.251309
-0.251309
1.215028
0.116416
0.000006
1.047974
-0.207355
-0.025065
-1.349921
0.259517
-0.251309
1.047974
-0.076955
1.047974
0.116416
1.047974
-1.013449
-1.013449
-1.013449
-1.601235
-0.050638
1.483292
1.594518
0.116416
0.336478
-0.251309
-0.897936
0.060588
1.047974
0.259517
-0.251309
1.047974
-2.649204
1.047974
1.358129
-3.914870
-2.396434
-0.251309
-0.251309
-1.601235
-0.561464
-0.126146
1.785573
0.071465
1.358129
-0.513586
-1.937708
-0.251309
1.358129
1.358129
-0.112196
-0.762134
-0.251309
1.483292
-3.914870
-0.050638
-1.098607
1.047974
-0.762134
-0.113158
-0.212842
-1.550592
1.047974
-0.251309
-0.573902
-0.707155
1.047974
1.694602
1.215028
1.047974
-0.014920
-0.251309
1.047974
-0.113158
1.358129
0.495906
-0.438494
1.594518
1.047974
1.785573
0.635995
-0.050638
-3.747816
-0.382645
1.358129
1.010933
-2.448533
1.047974
-1.013449
1.358129
0.259517
-1.013449
-0.394409
-1.013449
0.754213
-1.098607
2.313641
-1.349921
-0.126146
-0.251309
1.215028
1.594518
-0.882249
0.495906
1.483292
1.215028
-0.561464
-0.251309
2.456742
-1.349921
-2.138378
1.215028
-0.251872
-1.686393
1.215028
1.785573
-1.801906
-0.762134
-0.403844
1.047974
-1.098607
1.047974
0.085164
-3.747816
-1.937708
1.868955
-0.050638
-0.251309
-1.937708
-1.349921
-1.349921
1.215028
-0.587781
-0.561464
-0.251309
-1.800701
-0.462618
-2.816258
0.537149
-0.762134
-0.561464
0.000006
-1.686393
1.047974
-0.897936
0.815043
-1.149250
1.047974
-3.747816
-3.914870
-0.462618
1.215028
-2.083589
-1.349921
-2.649204
-1.013449
2.017375
1.047974
-2.649204
0.407937
0.423146
-1.013449
-2.448533
1.594518
-3.747816
-1.686393
-0.394409
1.358129
-1.296129
-0.730882
-1.349921
-1.937708
-1.149250
-0.762134
-2.397020
-0.050638
-0.251309
1.047974
0.259517
-1.098607
1.047974
-2.649204
-1.013449
1.483292
1.785573
-0.897936
-1.743457
-0.518188
-1.013449
1.215028
1.945916
0.367731
-0.450505
1.047974
-0.126146
-0.561464
0.116416
-1.013449
0.259517
0.116416
-0.859735
-1.686393
-0.282519
1.785573
-0.251309
-1.349921
1.483292
-0.561464
-2.448533
2.500227
-0.251309
-1.601235
-0.251309
0.985454
-0.561464
-0.001798
-0.251309
1.694602
1.358129
0.259517
0.259517
-0.050638
-1.937708
-0.587781
-2.649204
-0.050638
1.047974
-0.841931
0.704203
-0.251309
1.047974
-1.081657
1.215028
-0.029943
-2.448533
-1.013449
-1.686393
-0.251309
1.047974
-0.014920
1.047974
-1.013449
-0.762134
1.215028
0.336478
0.116416
0.651559
-0.870348
-2.305432
-3.914870
1.047974
-2.448533
1.047974
-0.251309
-0.138114
0.384680
0.259517
1.694602
-0.212429
-1.141376
-1.057533
-0.251309
1.215028
-0.762134
-1.310892
1.215028
-0.251309
1.868955
-0.922477
-0.284370
-0.561464
-3.747816
-1.138612
0.259517
1.594518
1.785573
-0.391423
-0.462618
-0.034693
-1.601235
-0.561464
-1.013449
-3.747816
-1.686393
-0.394409
1.483292
1.047974
-1.013449
0.092463
-2.649204
-1.686393
-0.126146
0.770343
1.945916
-2.305432
0.000006
-0.050638
1.047974
-0.251309
-0.251309
1.358129
0.686961
-0.251309
-0.251309
1.215028
0.770343
1.047974
-2.649204
1.358129
1.047974
-1.968960
1.594518
-3.914870
-0.561464
0.336478
-1.098607
-2.448533
-1.013449
1.047974
-0.050638
1.358129
-0.561464
-0.014920
-0.126146
-0.587781
-1.475084
1.047974
-1.686393
1.594518
1.047974
1.785573
1.047974
-0.050638
1.047974
-1.013449
-0.561464
1.694602
1.945916
-1.937708
1.215028
0.384680
-2.649204
-2.029939
-0.251309
1.215028
-2.448533
-0.251309
-0.251309
-3.747816
-1.895730
-0.561464
-1.686393
1.215028
0.116416
-1.349921
1.047974
-0.436810
-0.251309
-0.394409
-0.050638
-2.649204
0.686961
-1.013449
0.259517
1.047974
-0.537510
-4.183134
-1.983950
-2.448533
-1.098607
-0.251309
0.495906
-0.897936
-3.747816
-1.686393
0.847304
-2.573696
1.047974
-1.550592
-1.686393
1.945916
1.047974
-1.013449
0.259517
-0.730882
-1.686393
-1.550592
-0.147900
-0.561464
-1.571001
1.215028
1.047974
0.847304
1.047974
-0.251309
-0.550182
-0.251309
-0.561464
-0.251309
-0.251309
1.215028
1.945916
-0.462618
-2.448533
-0.126146
-3.747816
-1.349921
1.594518
-2.134525
-1.013449
-1.294735
0.085164
-0.462618
-0.251309
-2.138378
-1.461147
-0.014920
-0.251309
-3.747816
-0.394409
-0.762134
-0.251309
-3.747816
-1.013449
1.945916
1.483292
-2.448533
-0.575281
0.384680
-0.897936
-3.747816
-0.126146
-0.251309
-0.050638
-0.014920
0.495906
-1.013449
-2.448533
0.176135
0.259517
1.312667
-1.937708
0.384680
-0.251309
-0.251309
-3.084522
-1.656651
-0.050638
-0.050638
1.215028
1.215028
0.116416
1.047974
-0.050638
1.785573
-1.686393
-0.050638
1.047974
-0.977315
-1.349921
-1.686393
-2.018197
0.259517
-0.251309
-0.762134
1.483292
0.344675
-1.013449
1.215028
-1.349921
2.146587
1.215028
-1.098607
-0.050638
1.047974
-0.753744
0.495906
-3.747816
1.047974
-0.251309
-1.098607
1.358129
-2.448533
-0.160337
1.358129
-2.448533
1.483292
-1.349921
1.483292
1.694602
-0.394409
-1.801906
0.259517
-0.135796
-1.655917
-0.265473
0.116416
0.086912
0.259517
0.495906
0.384680
-2.106449
1.483292
0.595989
0.200676
2.017375
-0.050638
0.259517
-0.462618
1.483292
-0.050638
1.215028
-0.762134
1.215028
-3.747816
0.116416
-0.251309
-0.251309
-3.747816
-0.394409
-0.126146
1.358129
-0.251309
-0.014920
1.215028
-1.686393
0.384680
-2.448533
1.483292
1.047974
-1.937708
-0.251309
-1.686393
1.047974
-0.251309
-0.410164
1.358129
-0.762134
-0.762134
-0.462618
1.047974
-1.039766
-1.686393
-0.762134
-1.955352
-0.050638
-0.674578
-3.914870
-0.251309
-0.251309
-0.251309
0.495906
-2.448533
-1.686393
-0.410523
-0.126146
-0.251309
-0.762134
0.259517
-0.126146
-0.251309
2.260997
0.595989
-0.310149
-1.013449
-1.013449
-0.251309
1.047974
1.483292
-0.839095
-0.251309
-1.686393
-0.251309
-1.968960
0.259517
-1.098607
-0.394409
-1.686393
-2.448533
-0.050638
-0.093136
-1.098607
-2.138378
-1.937708
-0.050638
-0.251309
-1.801906
-0.251309
-1.686393
-0.095163
-0.251309
-3.747816
-0.730882
-0.561464
-1.349921
-0.251309
0.087881
-1.686393
-0.050638
0.116416
-1.349921
1.483292
1.047974
-1.013449
-0.080842
1.047974
-0.561464
-2.070125
1.047974
1.483292
-1.937708
0.595989
1.483292
-1.013449
-1.686393
-1.349921
-0.462618
-0.251309
1.215028
-0.251309
1.694602
-3.747816
1.358129
0.384680
1.047974
-1.098607
1.047974
-1.013449
1.047974
1.945916
-1.686393
-0.322306
-1.686393
-1.161702
2.017375
2.260997
-1.686393
-0.561464
-1.113532
-0.839095
-3.914870
-0.251309
0.595989
-1.686393
1.215028
-0.251309
-1.013449
-0.897936
-0.839095
-0.762134
-0.251309
-0.251309
-1.013449
-3.747816
-0.645213
2.260997
1.047974
-2.448533
0.116416
1.331101
-0.168788
1.215028
-1.686393
0.537149
-3.914870
0.495906
-0.185805
-1.686393
-0.561464
1.215028
-1.013449
1.047974
1.047974
0.384680
-2.138378
1.358129
-0.376192
-0.881785
-3.747816
0.116416
-0.050638
-0.762134
-2.448533
-1.686393
-1.098607
1.215028
1.047974
-1.686393
1.594518
-2.448533
1.358129
0.495906
-0.251309
0.847304
0.116416
-0.251309
0.595989
1.047974
-0.762134
-1.013449
-3.914870
1.358129
-0.897936
1.785573
-0.444779
-1.686393
-1.130502
-0.050638
-1.013449
-0.251309
-0.394409
0.770343
-0.126146
-3.195748
1.868955
-0.251309
1.265039
0.116416
1.868955
-1.686393
-3.747816
1.047974
-1.601235
-0.050638
0.259517
-2.448533
-1.013449
1.594518
1.047974
-0.050638
-0.500241
-0.246671
-0.076955
0.116416
-0.076955
-0.587781
1.215028
-2.448533
-0.251309
1.694602
-1.013449
-2.448533
0.384680
-2.122249
1.047974
-1.937708
-0.405282
-0.337943
-0.251309
0.495906
-0.212935
-1.013449
1.694602
1.047974
0.116416
2.146587
0.384680
0.259517
-1.013449
1.215028
-0.414891
0.384680
-1.937708
1.047974
-0.119828
-0.535869
1.047974
0.116416
1.106815
-0.243804
0.259517
-0.295072
0.384680
-3.747816
0.847304
1.047974
-1.855302
-2.448533
1.047974
0.085164
-0.561464
-0.897936
-1.039766
-2.448533
-2.259057
-1.257262
0.770343
-1.013449
-1.013449
-3.747816
0.116416
1.047974
-1.013449
1.047974
-0.762134
2.205427
-1.686393
0.274499
-3.747816
0.495906
-0.050638
-1.881990
1.047974
0.259517
-2.645429
0.595989
0.116416
1.358129
1.047974
-0.561464
-2.649204
-0.745797
-1.013449
-0.663070
-1.013449
-0.762134
-2.649204
-0.050638
0.116416
1.215028
0.116416
-0.587781
-0.251309
-2.448533
0.770343
-0.464188
1.047974
-0.194842
-0.762134
1.358129
-0.529440
-0.730882
-2.448533
2.017375
0.259517
-0.797314
-0.762134
1.215028
-1.937708
-0.050638
-3.295831
1.358129
-1.705248
-3.747816
1.358129
-0.982196
-0.251309
1.047974
1.785573
-0.540196
-0.126146
-1.013449
-3.914870
-0.394409
1.047974
1.047974
-0.462618
1.047974
-2.305432
-0.762134
-1.937708
1.047974
0.495906
-1.993722
1.215028
0.918763
0.259517
-1.686393
-2.816258
1.047974
-0.251309
-0.762134
-1.149250
-2.448533
-1.937708
-1.098607
1.215028
-0.462618
1.358129
-1.686393
-3.914870
0.094968
-0.014920
-1.013449
-1.601235
1.868955
0.686961
-0.561464
-0.050638
1.047974
0.595989
1.215028
-2.065724
-1.098607
1.047974
0.595989
-0.205091
-0.753379
1.358129
-0.376671
-0.292571
0.384680
-0.251309
-2.237224
-1.013449
-2.875977
-0.251309
0.138156
1.047974
0.259517
1.358129
1.483292
1.694602
1.358129
-1.013449
1.047974
-0.121798
-0.126146
1.047974
-0.050638
-0.394409
-0.251309
-0.050638
0.686961
-0.050638
-0.251309
-0.565340
0.985454
-2.649204
-3.747816
-1.686393
-1.098607
1.785573
-0.657316
1.215028
1.047974
-0.925935
-1.601235
0.116416
-0.251309
-1.013449
-3.747816
-2.448533
-0.458184
0.116416
1.358129
1.047974
1.047974
1.047974
-0.963663
1.215028
-0.251309
-0.251309
-1.972660
0.495906
1.215028
-0.050638
1.047974
-0.278416
0.259517
1.358129
-1.349921
-0.050638
-3.747816
-1.686393
-0.251309
0.474628
0.116416
0.495906
-1.349921
-1.098607
0.259517
-1.149250
-0.050638
0.595989
-1.686393
-2.649204
0.495906
1.047974
-1.686393
1.594518
1.358129
-2.649204
-0.762134
1.047974
-2.649204
-1.937708
-1.568974
0.116416
0.686961
-1.937708
-0.251309
-2.305432
-0.896197
0.116416
1.047974
0.384680
-1.686393
-3.914870
-3.747816
-3.914870
-1.098607
1.594518
-2.448533
-2.649204
-3.747816
-1.686393
0.595989
-1.686393
-1.717646
-0.502623
1.047974
-0.561464
1.594518
1.694602
-1.349921
1.594518
-0.370935
-0.502623
1.047974
0.259517
2.313641
2.824466
-1.013449
-0.211180
2.017375
-1.404011
-2.448533
-4.394443
-3.914870
0.116416
-0.412675
1.047974
0.595989
1.215028
-1.349921
1.215028
0.259517
2.940539
1.047974
-1.550592
1.694602
1.358129
0.595989
-1.349921
-0.238808
-0.949032
1.215028
-0.050638
-1.686393
-0.050638
0.116416
-0.050638
0.116416
2.084066
-0.050638
1.694602
-0.561464
-0.251309
-1.098607
1.358129
-1.013449
0.259517
1.215028
-0.050638
-2.024309
-0.050638
-1.013449
0.116416
2.017375
1.785573
-1.013449
-0.251309
-0.796102
-0.970431
1.047974
-0.762134
-0.839095
-1.601235
-0.323465
-0.050638
-0.561464
-1.098607
0.071465
1.047974
1.047974
1.215028
-2.649204
-1.349921
-3.747816
-0.050638
0.495906
1.945916
1.215028
-0.251309
-0.753043
-2.448533
-1.349921
-3.914870
-1.149250
0.595989
-1.013449
1.756159
-0.251309
1.945916
-3.747816
-0.336941
2.313641
-0.251309
1.047974
-2.649204
-0.050638
-0.050638
-1.013449
0.013384
0.985454
-2.448533
-0.172605
1.047974
-0.548785
-0.251309
1.047974
-0.050638
-2.448533
-0.251309
-2.138378
0.116416
1.594518
-0.050638
-1.013449
-0.251309
0.259517
-2.649204
1.047974
-0.324990
-0.251309
-2.573696
0.085164
0.259517
1.047974
-0.305242
-0.251309
-0.251309
-4.057971
-0.251309
-0.406962
1.047974
1.047974
1.785573
-1.349921
-1.686393
-2.448533
-0.050638
-0.561464
1.594518
1.047974
1.215028
-3.747816
-2.448533
-3.747816
-0.050638
0.259517
-3.914870
-0.762134
-2.448533
1.047974
-1.686393
-1.686393
1.694602
-1.349921
-1.013449
-0.251309
-0.251309
1.047974
-0.251309
-1.349921
1.594518
0.595989
0.027932
-1.817261
0.384680
0.495906
1.215028
-2.393725
1.694602
-1.686393
-0.251309
-0.050638
1.047974
-1.013449
1.047974
-0.595415
-2.448533
-1.013449
-0.123057
-0.982196
0.259517
-1.349921
-4.183134
-1.601235
-0.587781
2.205427
0.259517
-0.539963
-1.013449
-1.565032
-0.251309
-0.083816
1.215028
-0.251309
-3.747816
-0.897936
-0.050638
1.358129
-0.160337
-0.561464
1.215028
0.018378
1.047974
-0.074050
-1.150822
1.047974
-1.349921
-0.762134
-0.050638
1.215028
0.686961
0.384680
0.000006
-1.937708
-0.897936
1.694602
-1.996548
1.483292
-1.013449
-1.349921
-4.394443
1.945916
1.694602
-0.050638
1.047974
-1.686393
1.694602
0.037147
-1.013449
-0.251309
-0.050638
1.265039
1.358129
1.483292
-1.007096
-0.251309
-4.057971
-1.686393
-2.448533
1.594518
-0.587781
-0.897936
-0.333301
0.116416
1.215028
-0.245572
1.215028
-0.251309
0.674461
-1.013449
-1.349921
1.162385
-1.686393
-0.491459
2.205427
1.047974
1.483292
-2.649204
-1.472717
-3.914870
1.215028
-1.686393
-3.747816
-2.138378
-1.098607
0.595989
-0.803377
-0.050638
1.215028
-1.349921
-0.328270
-0.587781
-1.937708
-0.027484
1.945916
0.259517
1.047974
-1.937708
1.047974
1.868955
-0.251309
0.932461
-2.816258
1.047974
-0.251309
-1.349921
-1.686393
-2.649204
0.116416
1.358129
-0.050638
-1.013449
0.116416
1.106815
-0.561464
-0.551940
1.047974
-0.444182
-0.739012
2.017375
1.483292
-0.609205
-0.897936
-0.762134
1.945916
-2.138378
-1.686393
-1.013449
1.215028
-0.050638
-0.251309
-1.349921
-2.649204
-0.798136
-2.448533
-1.601235
0.006381
-2.137613
-0.897936
-1.013449
0.985454
-0.050638
-0.167185
-0.762134
1.215028
-0.899964
-0.612322
-0.251309
-1.013449
-4.183134
-3.747816
-2.448533
0.495906
-0.251309
-0.050638
-2.816258
-2.448533
-0.251309
-0.762134
-0.050638
1.047974
0.384680
-0.251309
-0.709013
-1.550592
1.358129
1.047974
-0.186878
1.047974
-1.807162
-0.126146
1.358129
1.047974
-2.448533
-0.321329
1.215028
-0.050638
-0.351392
0.686961
0.009556
1.483292
2.205427
-1.013449
0.847304
1.047974
-0.762134
-0.251309
1.483292
-3.747816
0.085164
-1.550592
1.047974
-0.295091
-0.251309
-0.762134
-2.816258
0.433328
1.358129
1.047974
0.063772
1.047974
-2.649204
-1.378494
0.918763
0.686961
1.594518
-0.050638
0.918763
1.358129
-2.448533
1.215028
-0.034244
0.918763
-1.937708
-2.448533
2.017375
-0.762134
-1.349921
-2.448533
-2.649204
-1.686393
-2.138378
-0.251309
1.047974
1.047974
-1.349921
0.085164
-2.448533
-2.138378
1.047974
1.047974
-0.050638
-0.251309
1.047974
-2.448533
-4.057971
1.047974
-0.587781
-3.747816
1.521759
-0.561464
-0.128821
-0.050638
-0.251309
-2.448533
0.116416
-1.660076
-2.684922
-1.686393
-3.747816
1.047974
-0.679925
-0.050638
-0.969028
1.594518
-0.762134
-0.561464
0.116416
1.694602
-0.382781
-0.730882
-0.660047
1.358129
-0.251309
0.336478
2.260997
-1.013449
1.945916
0.495906
-3.747816
1.047974
-1.349921
-0.803377
-0.762134
-1.349921
-1.013449
-1.013449
1.083692
1.215028
-0.765082
-0.575733
0.259517
-1.937708
-0.192468
-0.050638
-0.936186
-0.251309
-0.251309
-0.636077
-2.448533
0.686961
-2.448533
-1.013449
-1.686393
-0.897936
-1.013449
-0.050638
1.215028
0.770343
1.215028
1.358129
1.047974
-1.509197
-0.730882
-0.490538
-2.138378
0.116416
-0.982196
0.495906
1.047974
1.215028
1.694602
-2.816258
0.407937
1.594518
-1.149250
1.047974
-0.419166
-0.982196
0.259517
1.047974
-0.820662
-2.816258
-1.013449
-0.050638
-0.251309
-0.050638
-1.534350
-1.349921
-4.057971
-2.649204
-2.305432
0.595989
-0.251309
1.358129
-3.747816
0.595989
1.483292
2.017375
-0.050638
-1.013449
-0.587781
-0.251309
-2.448533
-0.050638
-1.937708
0.315087
-1.601235
-0.713932
-0.251309
-0.505441
1.594518
-2.649204
1.215028
0.595989
-0.394409
1.358129
-1.349921
1.215028
1.358129
1.047974
-0.602707
-2.649204
0.060401
0.384680
0.116416
-1.013449
-0.050638
1.215028
0.495906
0.116416
-3.914870
1.047974
-2.448533
-0.251309
-1.259582
0.116416
-2.448533
1.358129
-1.686393
-1.686393
2.084066
-0.050638
-0.561464
1.358129
1.358129
0.259517
-1.013449
0.595989
-1.013449
-0.019077
-0.251309
-2.285556
-2.448533
1.358129
0.686961
1.047974
-1.013449
-2.649204
0.595989
1.483292
-1.349921
-3.914870
-2.448533
-0.024293
1.483292
-1.039766
0.495906
-1.349921
-0.050638
1.047974
-0.561464
1.047974
-1.821221
2.084066
-1.601235
1.215028
-4.057971
1.215028
1.694602
-1.475084
0.384680
-0.185535
-3.747816
0.116416
-1.013449
0.384680
0.259517
-0.251309
-0.401762
-0.126146
-0.561464
-1.686393
0.686961
-1.581723
-1.013449
1.868955
-0.897936
1.215028
1.047974
1.215028
1.215028
-2.223013
-0.113158
-0.251309
-1.013449
1.358129
-1.013449
1.047974
-0.251309
-1.937708
-0.251309
-0.251309
1.215028
-1.860747
-1.937708
1.215028
0.259517
-0.251309
1.047974
-1.852593
-0.050638
0.384680
1.483292
-0.166557
-0.050638
1.047974
-0.014920
1.331101
-2.305432
1.047974
-0.251309
-0.251309
-0.303438
-1.686393
2.363651
1.358129
-1.349921
1.215028
-0.251309
1.215028
1.358129
1.106815
-0.251309
1.215028
1.215028
-0.762134
-1.601235
-0.050638
-0.932931
-1.937708
1.215028
0.674461
-1.349921
-0.288350
1.358129
-0.309424
2.146587
-0.762134
-3.747816
-0.328270
-0.897936
1.047974
-1.013449
1.047974
1.694602
1.785573
-1.013449
0.013857
-3.195748
-0.056916
-1.011681
-0.251309
0.686961
1.047974
1.694602
-0.251309
-0.762134
0.116416
-1.206820
1.215028
0.315087
-2.649204
-0.126146
-1.013449
-0.251309
-0.251309
-0.050638
1.215028
-3.914870
-1.349921
-0.525064
-0.394409
-0.561464
1.945916
-0.897936
-0.561464
-1.937708
1.215028
-1.686393
1.215028
-1.013449
-2.448533
-1.445557
-0.251309
-0.014920
-1.013449
1.594518
-1.686393
-0.251309
-4.057971
-1.968960
0.259517
-1.349921
0.495906
1.483292
1.358129
2.363651
-0.092439
-0.251309
-0.251309
1.594518
-0.251309
1.358129
1.358129
-0.251309
1.694602
-1.099035
-0.897936
1.047974
0.201855
1.358129
0.537149
-0.897936
-1.013449
2.313641
-0.394409
-0.298795
-2.291431
-0.897936
-1.937708
0.495906
-2.448533
1.047974
-0.251309
-0.050638
-0.561464
-0.050638
1.945916
-1.013449
1.376998
1.215028
-1.677134
-0.050638
-0.351392
-0.251309
-1.349921
-0.014920
1.215028
1.694602
-0.251309
1.785573
-2.138378
-3.747816
-1.801906
0.116416
0.847304
1.047974
-2.649204
-0.160337
1.868955
-2.360036
1.215028
1.594518
1.358129
-2.573696
1.215028
0.384680
-1.013449
-0.209852
2.693130
-1.098607
-1.349921
-0.762134
-3.747816
-2.448533
-1.013449
0.259517
-0.897936
-0.251309
-0.914603
-1.686393
-0.066575
1.047974
1.047974
-0.251309
-2.816258
1.047974
-1.695248
1.694602
0.052205
-0.126146
1.483292
-0.591391
1.047974
-2.448533
-0.903312
-1.013449
0.259517
-0.561464
1.215028
-0.921813
-1.349921
-0.050638
1.594518
1.841926
-1.098607
-2.204670
0.495906
-0.050638
1.594518
-0.762134
1.358129
2.017375
-2.138378
-0.251309
-1.937708
0.259517
-0.394409
1.047974
0.116416
1.785573
-1.792657
1.868955
-1.013449
2.084066
-0.251309
0.595989
-2.138378
-1.801906
-0.014920
-0.251309
-3.747816
-1.098607
0.686961
-1.013449
-1.349921
-0.276609
-0.762134
1.215028
0.686961
0.367731
-0.642114
1.047974
-1.686393
-0.050638
1.358129
-0.050638
-0.245321
-0.089144
-0.561464
-2.649204
0.116416
0.770343
0.116416
-1.946763
-0.394409
1.215028
-1.686393
0.116416
1.358129
-1.937708
-0.561464
1.215028
-0.130174
-1.013449
-0.989464
-2.448533
-0.730882
-1.013449
-2.088824
-2.448533
-1.601235
-0.762134
-0.762134
-0.392219
-2.448533
-1.013449
-0.251309
-1.961960
-0.762134
-0.050638
-0.262435
-0.116674
-0.332987
-0.413760
-1.952333
-0.046110
1.594518
0.537149
-0.897936
-0.251309
0.259517
-0.394409
0.259517
1.047974
1.694602
0.384680
0.259517
0.259517
2.017375
-1.686393
2.500227
0.196997
0.116416
0.595989
-0.762134
-2.174996
-1.789711
-1.180503
-0.762134
1.594518
-0.251309
1.868955
-0.394409
-0.561464
-0.050638
-1.013449
-0.307374
-0.546137
-1.686393
1.594518
0.554317
1.215028
-0.394409
-0.251309
0.985454
-1.343083
0.116416
1.215028
0.052431
0.176135
0.384680
-0.561464
-1.013449
-1.013449
-3.914870
-1.686393
1.694602
-0.313728
-1.686393
1.047974
-1.349921
-0.762134
-2.448533
-1.491333
1.785573
-2.448533
-1.686393
2.017375
-1.098607
-1.937708
-4.057971
-0.251309
0.116416
-0.561464
0.847304
-1.013449
-1.013449
1.047974
-0.251309
1.047974
1.215028
-0.251309
1.047974
0.704203
1.483292
0.116416
-0.251309
-2.448533
-1.937708
0.384680
-0.050638
1.785573
-0.384737
-0.050638
-0.251309
-2.448533
-1.013449
-1.349921
1.594518
-1.349921
-0.050638
-0.126146
-1.937708
1.047974
1.215028
1.047974
0.176135
-2.448533
1.047974
-0.547574
-0.251309
0.259517
-0.354078
-2.448533
1.945916
2.017375
-2.112061
-0.251309
0.495906
-0.528940
-0.762134
-2.327140
-2.448533
0.384680
1.785573
1.384447
-0.517969
-0.602707
-0.762134
0.474628
1.594518
-0.251309
-2.448533
-1.349921
2.146587
0.116416
-1.013449
-1.274413
-1.013449
-0.561464
-1.013449
-1.349921
-1.013449
-0.251309
-2.036621
-0.839095
0.116416
-0.561464
-0.260720
1.694602
1.594518
-0.251309
0.116416
-1.013449
-0.301835
-1.937708
0.770343
-1.686393
-1.013449
-1.013449
0.142086
-0.050638
-0.466318
-1.030182
-0.346508
-0.163061
0.384680
-1.937708
-0.251309
0.259517
-1.717646
-1.013449
1.047974
-0.050638
1.047974
1.215028
-0.251309
-1.013449
-0.982196
-0.050638
0.384680
-2.448533
1.047974
1.215028
1.215028
2.500227
2.017375
-4.057971
-0.762134
-0.185545
-0.294063
-1.158866
0.510831
0.847304
-2.448533
-2.052053
-0.762134
1.047974
1.483292
-0.251309
-0.009920
1.920915
1.047974
-3.914870
-1.686393
-3.747816
1.047974
-0.050638
-0.050638
-0.762134
-1.013449
-0.251309
1.047974
-0.060710
-0.050638
-0.394409
1.106815
-0.102889
-0.179850
1.047974
-0.251309
1.047974
1.785573
-2.448533
-0.394409
0.176135
-0.281614
-0.251309
-0.002344
1.694602
-1.349921
-1.013449
-0.762134
-0.762134
-0.587781
1.358129
-0.076955
1.047974
0.384680
-3.747816
0.071465
-0.762134
-1.686393
-1.013449
0.407937
-0.762134
1.047974
-1.349921
1.215028
-0.050638
-2.138378
-1.849713
-1.937708
1.047974
-0.251309
-3.747816
1.047974
-0.561611
-2.448533
0.116416
-1.686393
1.483292
1.945916
-1.013449
-0.426189
1.868955
-0.050638
-0.451979
-0.251309
-1.349921
-1.757429
-0.396655
-1.013449
1.694602
-0.324871
-3.747816
2.411279
-2.785005
0.116416
-1.597073
1.047974
-0.188947
-0.762134
1.215028
-1.098607
1.047974
-0.126146
-0.074497
-1.013449
0.116416
-0.779376
-0.740857
1.868955
0.116416
1.047974
-0.181198
-1.098607
-0.897936
0.259517
-1.297507
-1.013449
-0.251309
-2.448533
-0.561464
-0.251309
-1.937708
0.116416
0.474628
-0.394409
-0.251309
-2.816258
-1.013449
-0.053303
-0.126146
-0.251309
0.918763
-0.251309
1.215028
-1.036132
0.259517
1.358129
-1.719644
-0.126146
0.259517
-0.561464
1.358129
-2.649204
-0.251309
0.259517
-3.914870
1.047974
-1.686393
-0.762134
-0.561464
-0.561464
-0.502623
0.384680
-0.762134
1.047974
0.384680
1.594518
0.259517
-1.349921
-0.050638
1.483292
-1.013449
-0.251309
-0.213617
1.483292
-0.050638
2.260997
0.116416
-1.013449
-0.050638
-0.561464
-0.050638
-0.531964
0.384680
0.801841
1.594518
-1.349921
-0.251309
1.694602
-0.063755
-2.649204
1.047974
1.215028
-0.251309
-0.251309
-1.013449
0.336478
-0.762134
1.047974
-0.441065
-3.747816
1.594518
-1.801906
0.674461
0.474628
1.358129
-0.394409
1.594518
1.047974
-1.222631
-1.937708
1.785573
1.047974
0.259517
0.330199
-0.251309
0.407937
-0.919339
-1.349921
-0.762134
-3.747816
-0.498368
-2.816258
-0.433066
-0.251309
0.259517
-1.013449
-0.351392
1.047974
-0.293484
-0.390384
-3.747816
1.047974
1.047974
1.594518
-0.050638
2.205427
-0.251309
0.259517
1.215028
-0.126146
1.215028
-0.281850
-0.737743
-1.686393
-1.686393
-1.013449
1.047974
-2.649204
-0.050638
-1.013449
-0.251309
1.483292
0.259517
-1.182867
1.215028
-2.448533
-0.280026
-1.686393
-0.050638
-0.251309
-2.138378
-2.649204
-1.686393
-0.290993
-0.160337
-0.805495
0.116416
1.483292
-0.251309
-1.937708
1.945916
-2.112061
1.047974
-0.251309
-0.762134
1.047974
-1.349921
-0.351392
-0.939493
0.686961
-0.561464
1.047974
-0.251309
-1.013449
-3.747816
-0.251309
1.215028
1.047974
1.047974
0.847304
1.215028
-2.661252
1.945916
-3.747816
0.770343
-0.185545
-0.768853
0.384680
0.537149
-3.914870
-4.485415
-1.686393
-1.349921
-1.686393
-0.275039
-0.167237
0.098846
-1.013449
-0.762134
0.465369
1.047974
1.047974
-1.098607
-0.206546
-0.251309
-1.686393
-0.762134
1.594518
-1.013449
0.078171
1.483292
-0.762134
-0.886365
1.358129
0.847304
-1.013449
-0.350955
1.594518
-0.251309
-1.149250
-0.762134
-0.762134
1.868955
-3.747816
1.694602
1.694602
-0.982196
-1.349921
1.358129
-0.251309
1.358129
-0.587781
-3.914870
-0.182906
-2.448533
1.215028
-1.182867
-0.561464
-0.878978
1.047974
-3.914870
-0.730882
1.358129
1.047974
-0.251309
-1.013449
-0.108051
-0.319928
-2.348450
-2.448533
-1.686393
1.047974
0.116416
0.704203
-0.050638
2.017375
-1.768728
2.313641
-1.098607
-0.125079
1.215028
-1.149250
-1.937708
-2.816258
-1.686393
-0.648869
1.785573
-0.050638
-0.307713
-1.937708
-0.914603
-1.686393
1.358129
-1.349921
-1.202674
1.215028
-1.329689
0.032106
-2.169348
-1.013449
-2.649204
-2.649204
0.390267
1.694602
3.044528
1.358129
-0.336977
-3.747816
-0.203563
-1.686393
1.483292
-2.714004
0.770343
0.407937
1.358129
-0.762134
0.595989
-0.730882
-1.349921
-0.093372
-0.050638
-1.349921
1.047974
-1.349921
1.483292
-4.057971
-3.747816
-4.057971
-1.349921
-0.050638
-1.098607
-1.686393
-1.937708
-2.448533
1.215028
-1.937708
1.785573
-0.209780
1.215028
1.594518
-0.014920
1.358129
-0.251309
1.483292
1.483292
-0.561464
-0.762134
-0.762134
-0.642589
1.483292
-0.251309
-2.448533
1.785573
1.215028
1.785573
0.259517
-0.050638
-0.796102
-2.959359
-0.126146
-0.251309
0.259517
-1.013449
1.694602
-0.251309
-1.349921
0.847304
-3.914870
1.047974
1.047974
-1.098607
-0.251309
-3.747816
-0.897936
-1.013449
-0.561464
0.259517
-3.747816
-2.649204
-0.762134
-1.349921
-2.448533
1.594518
-2.448533
-1.601235
-1.937708
-0.454385
-1.098607
-1.349921
1.215028
-0.050638
-0.025190
1.215028
-1.937708
-0.351392
-0.050638
-0.730882
1.047974
1.047974
-2.448533
-0.242852
1.047974
-1.937708
-0.561464
-1.937708
-0.251309
-0.462618
-0.730882
1.047974
-0.050638
-1.349921
1.358129
-1.013449
-1.801906
0.071465
0.495906
-0.239731
1.047974
-3.914870
-0.126146
0.138156
-1.686393
1.401614
1.785573
2.146587
-0.762134
-1.149250
-0.602707
0.259517
-0.251309
-0.178696
-0.251309
0.495906
-1.686393
-1.569896
0.384680
1.215028
-1.013449
-0.251309
1.483292
-0.050638
-0.351392
0.686961
-0.076955
0.116416
-0.462618
-2.448533
-0.050638
-0.762134
1.047974
-0.762134
0.116416
-0.020403
1.694602
-0.014920
-1.601235
-0.561464
-3.914870
-0.160337
2.260997
0.595989
0.495906
-1.013449
-1.349921
-0.126146
-1.937708
-0.014920
-1.013449
1.162385
0.029037
-0.602707
-0.251309
-0.762134
-1.081657
1.106815
-0.326816
-1.686393
-0.251309
1.483292
-0.251309
1.483292
1.215028
-0.251309
-0.251309
1.215028
-1.937708
1.047974
1.358129
-0.014920
2.146587
-0.669317
-1.686393
-0.897936
-1.717646
-1.013449
-0.561464
-1.801906
1.483292
-1.686393
-1.349921
0.686961
1.215028
-1.098607
-2.224665
0.537149
-0.251309
0.519907
-0.839095
1.047974
-0.762134
-1.349921
-0.251309
-0.251309
-0.340288
1.358129
-1.349921
2.084066
-3.747816
-3.914870
-0.251309
0.116416
-0.935450
-2.448533
-1.937708
-1.686393
-0.259976
-0.839095
-2.448533
1.215028
-0.050638
-0.254852
1.047974
-0.394409
-0.251309
-3.747816
1.694602
-1.937708
-3.747816
-0.762134
-1.686393
1.358129
1.047974
-0.561464
0.116416
1.215028
-0.394409
1.215028
0.384680
1.358129
-0.230715
-3.747816
-0.251309
0.686961
1.785573
-1.013449
-1.013449
1.358129
-0.612322
1.483292
0.259517
-1.013449
-0.050638
-1.149586
-1.349921
-0.897936
1.358129
-0.251309
-0.126146
0.595989
-2.138378
-0.602707
-0.050638
1.047974
-1.013449
-1.686393
-0.897936
-2.048961
-0.251309
-1.601235
-0.050638
-1.098607
0.563728
-0.280872
-1.039766
-0.897936
-0.762134
-0.725399
-1.349921
-0.561464
1.215028
0.116416
-0.050638
-0.181277
0.259517
1.358129
-0.251309
-3.914870
-1.062651
-0.762134
-3.914870
-0.914603
0.384680
1.245334
-0.050638
1.047974
0.259517
-1.937708
1.047974
-0.762134
-3.747816
1.047974
0.985454
0.972467
1.358129
-0.050638
-1.098607
1.785573
-1.013449
1.358129
0.384680
-3.914870
-0.050638
-0.251309
2.260997
-0.762134
-1.686393
-0.394409
-0.251309
-1.686393
1.483292
1.047974
-0.462618
-1.686393
-2.959359
-0.251309
1.047974
1.047974
-0.231847
-0.762134
1.694602
-0.561464
1.215028
-0.251309
-0.429646
-1.618185
-0.561464
-0.423121
1.047974
1.358129
-1.575936
0.384680
1.047974
-0.251309
1.215028
-1.748749
-0.251309
1.215028
-0.713932
-3.747816
1.594518
-1.013449
0.116416
-2.649204
0.932461
1.047974
-1.349921
1.358129
-3.747816
0.847304
1.047974
-2.816258
-3.747816
-1.349921
0.801841
-0.462618
1.047974
-0.251309
1.047974
-0.237904
-0.561464
-0.394409
-1.349921
0.259517
1.047974
-0.050638
-0.897936
-1.349921
-0.251309
-0.251309
-1.686393
1.945916
-3.747816
-1.379923
-0.713932
-1.699047
-3.747816
-1.098607
-1.013449
-0.251309
-0.394409
-0.762134
-0.762134
0.259517
-0.215430
-0.762134
-1.471282
1.694602
-0.561464
-1.013449
0.985454
0.116416
0.116416
1.358129
0.384680
-0.204438
-0.251309
0.259517
-0.251309
-1.013449
-1.349921
0.116416
1.215028
-0.251309
0.116416
-0.866408
-0.126146
-1.686393
0.384680
1.215028
-2.816258
-1.349921
-0.394409
1.215028
-1.686393
-0.699665
-1.013449
-2.448533
1.358129
0.595989
-1.013449
-0.251309
1.785573
-0.394409
-0.251309
-0.762134
0.259517
-3.747816
0.259517
1.215028
-0.050638
-0.251309
-2.398658
-1.349921
2.411279
-0.050638
0.595989
-1.207549
-0.050638
1.047974
-0.463888
-0.251309
-0.251309
1.358129
1.215028
-0.050638
0.495906
-2.959359
-2.448533
-0.762134
-1.349921
-2.448533
0.495906
1.047974
2.205427
-0.050638
1.215028
-1.013449
-1.013449
0.918763
-1.013449
0.000006
1.047974
-1.718226
-0.251309
-0.394409
0.116416
1.215028
-1.408393
-0.260339
-0.602707
-0.251309
-0.690903
0.918763
-2.816258
-0.251309
-2.816258
0.085164
-1.013449
0.259517
0.336478
0.595989
1.594518
-1.349921
1.785573
0.259517
1.215028
1.047974
-0.251309
-2.816258
0.495906
-2.201207
-3.747816
-1.686393
1.215028
-0.050638
-0.587781
-0.251309
-0.127920
0.417741
1.358129
-2.400799
0.116416
-0.251309
-0.160337
-3.747816
-0.490760
-1.052536
-0.370261
-0.587781
-3.747816
-0.712516
0.495906
-1.686393
-0.274643
-0.050638
1.215028
-0.762134
1.047974
-0.561464
-0.561464
-0.762134
-2.448533
-0.050638
0.116416
-1.801906
-0.234649
-1.601235
-2.448533
-0.050638
-0.014920
-0.695994
0.116416
-0.762134
1.215028
0.985454
0.259517
1.265039
-3.747816
1.594518
1.047974
-0.050638
1.594518
-0.897936
1.047974
2.146587
-3.914870
0.087376
-0.251309
-0.028081
-0.216151
-1.686393
-0.328270
-1.013449
-0.251309
-3.914870
0.116416
1.047974
-1.206820
-2.816258
-0.251309
0.495906
-1.013449
-1.686393
1.215028
-0.050638
-0.897936
-0.346459
-1.937708
0.259517
-1.098607
-4.057971
-1.274413
1.215028
1.047974
-2.448533
1.785573
1.162385
-0.762134
-0.561464
-0.160337
-0.251309
-0.050638
-0.251309
-2.365240
1.594518
0.595989
-1.013449
-0.050638
1.594518
0.176135
-0.251309
1.215028
1.047974
-1.801906
0.259517
-0.448403
1.047974
-0.050638
-0.394409
-1.968960
1.358129
1.106815
-0.251309
0.116416
1.047974
-1.013449
-0.561464
1.215028
-1.013449
-0.602707
1.047974
-1.349921
-0.561464
1.215028
1.868955
-0.180483
-3.747816
-2.448533
1.945916
-0.251309
-3.914870
0.932461
1.215028
1.047974
-2.448533
-0.730882
-1.686393
0.384680
-0.897936
-0.561464
-2.448533
0.116416
-1.349921
-0.561464
-0.038163
1.358129
1.047974
-0.126146
1.047974
-1.013449
-1.227735
1.594518
-0.050638
-3.747816
-0.251309
1.215028
-0.251309
-2.305432
-0.251309
-0.135796
2.017375
-2.816258
-1.349921
-0.762134
-0.726673
1.215028
1.483292
2.363651
2.260997
-0.318878
-3.747816
-0.050638
-1.937708
0.259517
-0.574857
-0.394409
0.116416
-0.897936
-0.030909
-0.050638
-1.686393
1.215028
-4.057971
-0.462618
1.483292
0.259517
-1.013449
1.215028
-1.238695
-0.624053
-1.013449
-0.762134
-1.580529
-1.592483
-1.013449
0.686961
1.594518
-2.448533
0.259517
1.358129
1.047974
-0.251309
-2.448533
1.358129
-0.312842
-3.747816
-1.686393
-0.502623
-0.561464
-1.013449
1.215028
-3.747816
-0.146638
0.116416
1.215028
-2.138378
-0.315244
0.176135
-2.088950
1.215028
-0.050638
-2.138378
0.847304
-0.762134
-1.013449
-1.686393
-0.251309
-0.561464
-1.098607
1.215028
0.259517
-1.349921
-0.251309
2.313641
1.047974
-0.251309
-2.448533
1.047974
-0.587781
-0.050638
-2.448533
-0.462618
-2.649204
-1.013449
-0.361475
-0.050638
-1.686393
1.358129
-3.747816
-1.349921
0.085164
1.358129
0.384680
-0.271471
-0.050638
-0.762134
1.358129
-2.138378
1.868955
-1.013449
-3.914870
-1.601235
-0.251309
-3.747816
1.483292
-0.119906
1.358129
-1.098607
1.265039
-0.014920
-1.937708
-0.515508
-0.251309
-3.747816
1.215028
-0.251309
-0.265718
-2.138378
-1.686393
-0.730882
-0.762134
-0.050638
-0.251309
1.047974
-0.050638
-1.601235
-0.850723
-1.006149
1.358129
0.259517
1.358129
-1.013449
-0.251309
-0.587781
-0.351392
-1.686393
1.215028
1.215028
-0.050638
-1.435688
0.384680
-2.112061
0.259517
0.595989
-0.587781
0.116416
-0.301382
0.116416
1.483292
1.594518
-1.550592
-0.561464
1.047974
-0.561464
-1.013449
-1.686393
-1.601235
-0.251309
-0.251309
1.047974
-0.050638
1.945916
1.047974
1.047974
0.116416
1.215028
-1.349921
0.384680
-0.762134
-0.897936
-0.196947
-3.747816
-1.149250
0.686961
1.215028
-1.686393
-0.050638
-0.251309
-0.220651
-0.561464
-0.762134
-0.251309
-1.182867
-0.762134
1.047974
-0.050638
-3.914870
-0.251309
1.594518
-0.762134
1.047974
-0.014920
0.259517
-0.251309
-0.050638
-0.251309
1.047974
1.215028
1.358129
-1.686393
1.215028
0.116416
1.047974
0.595989
1.047974
-1.937708
1.215028
1.047974
-1.349921
-0.561464
-0.251309
1.047974
1.358129
-2.448533
0.116416
-0.050638
-0.251309
1.358129
0.138156
1.047974
1.215028
-0.050638
-2.448533
-0.251309
0.595989
-0.394409
1.358129
1.215028
-0.251309
-1.349921
-1.098607
-0.251309
1.047974
1.594518
-2.649204
1.047974
-1.349921
1.358129
1.358129
1.047974
0.085164
-1.686393
1.047974
0.259517
-1.686393
-2.649204
2.146587
-0.251309
1.483292
-0.050638
1.047974
1.215028
1.047974
0.595989
0.686961
1.047974
-1.876236
1.694602
-1.349921
0.407937
-0.403115
2.017375
1.047974
-0.995256
-0.522017
-3.747816
1.047974
1.047974
-0.561464
0.116416
-0.762134
-1.349921
1.215028
-0.394409
-1.937708
1.047974
-1.937708
0.116416
1.358129
0.384680
0.495906
-2.448533
-0.050638
-0.762134
-1.729411
-3.747816
-1.334389
1.215028
-2.448533
-0.014920
0.384680
-1.686393
0.495906
-0.251309
-1.964548
1.047974
-0.587781
-2.448533
1.047974
0.116416
0.781706
0.259517
0.932461
-0.982196
-0.050638
0.384680
-0.762134
-0.762134
-1.013449
-0.351392
-2.448533
1.047974
1.215028
-1.686393
1.215028
-0.186449
-2.649204
-0.561464
-2.176734
1.047974
-0.044176
-2.959359
-2.573696
-0.762134
-0.251309
1.785573
0.495906
0.747220
0.259517
0.116416
-0.251309
-0.251309
-0.014920
-0.357077
-3.084522
-2.448533
1.215028
0.985454
-0.762134
-0.251309
-0.050638
-0.561464
-0.251309
-2.138378
-0.534673
0.176135
-0.050638
1.358129
-0.251309
-0.050638
1.483292
-2.448533
-1.868824
-0.050638
-0.143449
-0.351392
1.215028
-1.349921
-0.050638
-0.050638
-1.149250
-0.730882
2.260997
-1.349921
-0.535906
-0.803377
-0.251309
-1.968960
-1.013449
-2.448533
-1.937708
0.384680
-0.730882
-3.747816
1.483292
1.047974
-0.459843
1.047974
1.047974
-0.561464
-2.448533
-0.050638
-0.762134
0.259517
1.215028
-0.050638
1.358129
-0.251309
0.595989
0.116416
-0.251309
-1.013449
-2.448533
-0.897936
-2.448533
-0.394409
-1.686393
-1.686393
-0.762134
2.146587
-0.232651
1.483292
0.116416
1.694602
0.116416
0.085164
1.047974
-0.830106
-0.762134
0.116416
1.868955
-1.149250
0.138156
2.500227
-0.394409
-0.713932
-2.448533
0.071465
-0.558039
-1.686393
-1.013449
-0.730882
-2.448533
-1.349921
0.259517
1.162385
0.686961
-2.649204
-0.126146
0.116416
-0.762134
-0.897936
-1.493022
-0.281481
-0.277859
0.686961
-2.138378
-2.448533
0.176135
0.116416
-1.717646
1.047974
-0.050638
-1.937708
-0.050638
1.215028
-1.686393
-1.660076
1.047974
-3.084522
-0.982196
-0.050638
-2.138378
-0.762134
-1.968960
-0.762134
1.047974
0.770343
-0.982196
-0.050638
-1.686393
-2.448533
0.041914
0.116416
-1.686393
-0.394409
-0.251309
0.259517
-2.138378
-0.762134
0.000006
1.215028
-1.550592
-1.013449
1.629004
1.785573
-0.050638
-0.251309
-0.251309
0.259517
-0.897936
-1.339781
-0.251309
-2.494169
1.215028
0.116416
-2.816258
1.215028
1.215028
0.595989
1.215028
-0.762134
-2.448533
0.495906
0.116416
-2.138378
-1.937708
1.483292
-1.550592
-0.779376
0.176135
0.474628
-0.050638
-0.786452
-1.813758
-0.394409
-1.686393
2.363651
1.594518
-0.196295
-1.349921
-0.050638
-1.013449
-0.126146
1.215028
1.215028
-1.937708
-0.050638
2.084066
0.116416
-1.686393
1.358129
-0.251309
-0.303767
-0.251309
1.047974
-0.251309
-1.013449
-0.394409
0.304851
1.215028
1.215028
1.945916
-3.914870
-0.050638
-2.448533
-3.747816
0.932461
-0.608331
1.358129
0.336478
-1.349921
1.047974
1.215028
1.483292
-1.601235
-1.686393
-1.013449
-1.274004
0.116416
-1.182867
1.047974
-1.686393
-2.649204
-1.098607
-0.320585
-1.013449
-1.516975
1.215028
-4.057971
-1.937708
-0.247372
1.483292
1.047974
-1.349921
-2.448533
-0.050638
1.358129
0.918763
-2.324374
-2.138378
-0.138066
-1.686393
1.358129
-0.587781
-0.251309
1.483292
0.384680
-0.527913
0.116416
0.176135
-0.050638
-2.816258
0.259517
1.868955
1.047974
1.047974
-0.561464
1.215028
0.686961
0.116416
0.116416
-0.050638
-1.801906
-0.050638
-0.394409
-2.199240
-0.251309
1.945916
-0.233515
-0.251309
-0.251309
-3.084522
-1.937708
-1.937708
-1.149250
-3.747816
-1.349921
-0.464169
1.215028
-1.545457
-1.801906
0.344675
-0.251309
1.215028
-1.098607
0.686961
1.215028
-0.839095
-2.448533
-2.138378
-2.448533
-0.050638
-1.013449
1.047974
0.495906
1.594518
-1.209339
-1.402283
-2.448533
-0.251309
0.770343
1.047974
-0.050638
-1.349921
-0.284270
-0.251309
-0.780427
-3.747816
1.358129
-0.897936
-0.587781
1.215028
1.358129
0.595989
1.047974
-1.349921
-1.349921
0.085164
-1.686393
-2.649204
-2.448533
-0.050638
1.594518
-0.669459
1.047974
-1.349921
0.495906
0.384680
0.138156
-1.098607
0.495906
-1.013449
-0.014920
-3.747816
-1.013449
-0.462618
0.595989
1.215028
1.047974
-0.970431
1.047974
-0.762134
1.215028
-3.747816
-1.013449
-1.098607
-0.762134
-0.105140
1.047974
0.259517
-0.048614
-2.448533
-2.816258
-2.110527
-2.448533
0.116416
-0.587781
1.694602
0.259517
-0.050638
1.047974
-1.184597
-0.192620
-4.183134
1.483292
-1.349921
-2.170901
-1.550592
-1.937708
-2.448533
-0.251309
-0.251309
-0.251309
-1.051301
-1.253693
-1.686393
-3.914870
2.313641
-0.251309
-3.747816
0.116416
1.047974
-1.241973
0.116416
-1.686393
0.495906
0.595989
1.215028
-0.561464
-3.747816
-0.251309
-1.013449
-3.914870
-0.502623
1.483292
0.770343
1.215028
-1.013449
1.047974
-0.561464
1.047974
1.047974
1.483292
1.358129
-0.050638
1.483292
-0.050638
-0.561464
0.336478
-3.914870
-0.762134
-1.013449
-0.251309
-0.762134
-0.128763
-0.762134
0.116416
1.358129
1.047974
-2.138378
-2.448533
1.694602
-1.686393
-2.448533
-0.251309
-3.747816
-0.982196
1.047974
-1.013449
1.694602
-1.349921
1.047974
0.259517
1.047974
1.162385
1.215028
-1.098607
-0.050638
-0.251309
-0.050638
-1.937708
-0.251309
-0.222426
0.259517
-3.747816
1.047974
1.483292
-0.762134
-1.833120
1.483292
-0.251309
-0.897936
-0.628228
1.047974
-1.013449
1.594518
0.847304
-0.050638
